Test for 4x9 k=4:
15 runs and 1000000 samples

non_term_estimates = [1.1848162256621442e+16, 1.1857481276404948e+16, 1.1851933676273628e+16, 1.1847414834626656e+16, 1.1852718257405928e+16, 1.1833932151889596e+16, 1.184700204289721e+16, 1.184103878617672e+16, 1.1850764102682602e+16, 1.1837267879726386e+16, 1.1851187857772258e+16, 1.1830023013030348e+16, 1.1859414071179114e+16, 1.1825286118080066e+16, 1.1830515936602302e+16]

Mean:1.1844276150757948e+16
Standard Error: 2738959805658.9395

term_estimates = [5007605008406009.0, 5008167074254362.0, 5004967982491090.0, 5007279815086764.0, 5008014776354749.0, 5013541448306035.0, 5010775862571418.0, 5016532939329314.0, 5006715526562556.0, 5014228566624935.0, 5012746140244811.0, 5016614346446798.0, 5004878992359236.0, 5019232902207866.0, 5018812530963749.0]

Mean:5011340927480645.0
Standard Error: 1279323573419.5352

illegal_estimates = [7216883113602351.0, 7207002027970492.0, 7215748719865083.0, 7217955728916381.0, 7211917344869124.0, 7225176778434171.0, 7214872473161169.0, 7215078653123768.0, 7215170749384638.0, 7221153932278480.0, 7208716380612732.0, 7226013019152661.0, 7208357315091446.0, 7228131358341867.0, 7223321911063749.0]

Mean:7217033300391207.0
Standard Error: 1707644579653.5205


states_per_turn = [1, 36.0, 1260.0, 21420.0, 353430.0, 3769920.0, 38955840.0, 292168800.0, 2118223800.0, 11862053280.0, 64055087712.0, 277572046752.0, 1156550194800.0, 3965314953600.0, 13028891990400.0, 35829452973600.0, 94052314055700.0, 209005142346000.0, 441233078286000.0, 794219540914800.0, 1350173219555160.0, 1963888319352960.0, 2678029526390400.0, 3124367780788800.0, 3384731762521200.0, 3124367780788800.0, 2643695814513600.0, 1888354153224000.0, 1213941955644000.0, 647435709676800.0, 302136664515840.0, 113301249193440.0, 35406640372950.0, 8330974205400.0, 1470171918600.0, 163352435400.0, 9075135300.0]

non_terminal_per_turn = [1.0, 36.0, 1260.0, 21420.0, 353430.0, 3769920.0, 38955840.0, 291945407.73552, 2114975291.98032, 11808481084.173311, 63574721527.89099, 273442699936.48608, 1130905698917.3145, 3820737455557.102, 12370330141482.045, 33160798879959.93, 84850850123608.81, 181007524094813.8, 366842357908522.5, 621317576221862.2, 993782666671503.6, 1324969724271687.8, 1655809052384120.8, 1712408283991989.2, 1645159253017501.0, 1292092502013292.0, 930472711426779.8, 537633436854681.9, 279703880423151.78, 113512054260510.77, 40381814044088.69, 10710774970752.979, 2378358451558.713, 364070237555.3443, 42309293553.69948, 2806623533.58156, 95371806.88574]
term_per_turn = [0.0, 0.0, 0.0, 0.0, 0.0, 0.0, 0.0, 223392.26448, 1628914.1022, 44439996.408192, 240198038.2416384, 3084843203.5861444, 12742638736.267439, 100394108349.57504, 324964886838.95807, 1750794276403.973, 4480181980043.27, 17469444016819.596, 35398129614264.21, 102171631569412.92, 163460070998665.0, 353995582895337.5, 442780938510844.75, 719429839257923.0, 690958690703509.5, 832446553536469.2, 599016352493547.4, 522868521620900.3, 271657792211679.66, 165037232480384.06, 58437702539998.29, 23147090199638.984, 5086428259155.72, 1161514976284.1948, 131608319981.1534, 12938220744.2334, 415831169.57228]
illegal_per_turn = [0.0, 0.0, 0.0, 0.0, 0.0, 0.0, 0.0, 0.0, 1619593.91748, 9132199.418496, 240168145.8673728, 1044503611.927776, 12901857146.418242, 44183389693.322876, 333596962078.99774, 917859817236.0989, 4721281952047.921, 10528174234366.59, 38992590763213.29, 70730333123524.8, 192930481884991.44, 284923012185934.75, 579439535495434.5, 692529657538887.6, 1048613818800189.6, 999828725239038.5, 1114206750593272.9, 827852194748417.8, 662580283009168.5, 368886422935905.2, 203317147931753.03, 79443384023048.03, 27941853662235.566, 6805388991560.461, 1296254305065.1472, 147607591122.18503, 8563932323.541981]

nonterm_prop = [1.0, 1.0, 1.0, 1.0, 1.0, 1.0, 1.0, 0.9992354, 0.9984664, 0.9954837333333333, 0.9925007333333333, 0.9851233333333334, 0.9778267333333334, 0.9635394666666667, 0.9494537333333334, 0.9255178666666667, 0.9021665333333333, 0.8660434, 0.8314026666666666, 0.7822995333333334, 0.7360408666666667, 0.6746665333333334, 0.6182938, 0.5480815333333333, 0.48605306666666664, 0.41355326666666664, 0.35195906666666665, 0.28471006666666665, 0.2304096, 0.1753256, 0.13365413333333334, 0.0945336, 0.06717266666666667, 0.0437008, 0.028778466666666665, 0.0171814, 0.010509133333333334]
term_prop = [0.0, 0.0, 0.0, 0.0, 0.0, 0.0, 0.0, 0.0007646, 0.000769, 0.0037464, 0.0037498666666666665, 0.011113666666666668, 0.0110178, 0.025318066666666666, 0.024941866666666666, 0.04886466666666667, 0.047635, 0.0835838, 0.08022546666666666, 0.12864406666666667, 0.121066, 0.1802524, 0.16533833333333334, 0.23026413333333334, 0.20413986666666667, 0.2664368, 0.22658293333333332, 0.2768911333333333, 0.22378153333333334, 0.2549090666666667, 0.1934148, 0.20429686666666666, 0.14365746666666668, 0.13942126666666665, 0.089519, 0.07920433333333333, 0.045820933333333334]
illegal_prop = [0.0, 0.0, 0.0, 0.0, 0.0, 0.0, 0.0, 0.0, 0.0007646, 0.0007698666666666667, 0.0037494, 0.003763, 0.011155466666666667, 0.011142466666666666, 0.0256044, 0.025617466666666668, 0.05019846666666666, 0.0503728, 0.08837186666666667, 0.0890564, 0.14289313333333334, 0.14508106666666667, 0.21636786666666666, 0.22165433333333334, 0.3098070666666667, 0.32000993333333333, 0.421458, 0.4383988, 0.5458088666666666, 0.5697653333333333, 0.6729310666666667, 0.7011695333333333, 0.7891698666666667, 0.8168779333333334, 0.8817025333333334, 0.9036142666666667, 0.9436699333333334]