


Test for 3x4 k=3: 
15 runs and 1000000 samples 

non_term_estimates = [79537.88199600001, 79550.64204000002, 79568.293608, 79540.17048, 79605.833088, 79577.523444, 79610.723952, 79630.063866, 79563.9549, 79583.612604, 79605.643998, 79646.4252, 79524.00820199998, 79576.45787399999, 79536.80441400001] 

Mean:79577.2026444 
Standard Error: 9.441450344747777

term_estimates = [32409.639834, 32393.564016, 32421.999258, 32406.699930000002, 32375.768633999996, 32385.259631999998, 32374.204632, 32355.855708, 32418.502446, 32379.096552, 32372.114808000002, 32343.853344, 32411.659632000003, 32394.898535999997, 32401.339739999996] 

Mean:32389.630446799998 
Standard Error: 5.912834985896295

illegal_estimates = [31416.478170000002, 31419.793943999997, 31373.707134, 31417.12959, 31382.398278, 31401.216924000004, 31379.071415999995, 31378.080426, 31381.542654, 31401.290844, 31386.241194000002, 31373.721456000003, 31428.332166, 31392.643589999996, 31425.855845999995] 

Mean:31397.1669088 
Standard Error: 5.1199918327053515


states_per_turn = [1, 12, 132, 660, 2970, 7920, 18480, 27720, 34650, 27720, 16632, 5544, 924]

non_terminal_per_turn = [1.0, 12.0, 132.0, 660.0, 2970.0, 7416.5340479999995, 16201.921119999999, 19486.352424, 19469.02881, 9429.431088000001, 3362.0601168000003, 409.8361344, 28.0389032]
term_per_turn = [0.0, 0.0, 0.0, 0.0, 0.0, 503.46595199999996, 1103.324992, 6471.145296000001, 6568.136189999999, 11399.641176, 4279.7318256, 1944.3281088, 119.8569064]
illegal_per_turn = [0.0, 0.0, 0.0, 0.0, 0.0, 0.0, 1174.753888, 1762.5022800000002, 8612.835, 6890.927736000001, 8990.2080576, 3189.8357567999997, 776.1041904]

nonterm_prop = [1.0, 1.0, 1.0, 1.0, 1.0, 0.9364310666666666, 0.8767273333333333, 0.7029708666666666, 0.5618767333333333, 0.3401670666666667, 0.20214406666666668, 0.07392426666666667, 0.030345133333333333]
term_prop = [0.0, 0.0, 0.0, 0.0, 0.0, 0.06356893333333333, 0.059703733333333335, 0.2334468, 0.1895566, 0.41124246666666664, 0.25731913333333334, 0.35070853333333335, 0.12971526666666666]
illegal_prop = [0.0, 0.0, 0.0, 0.0, 0.0, 0.0, 0.06356893333333333, 0.06358233333333334, 0.24856666666666666, 0.24859046666666668, 0.5405368, 0.5753672, 0.8399396]


Test for 4x4 k=3: 
15 runs and 1000000 samples 

non_term_estimates = [3459213.7992219995, 3459909.0493879993, 3465413.114864, 3468224.432255999, 3467334.071719999, 3460353.9901699997, 3463832.561526, 3468370.2835459993, 3463334.986916001, 3463585.3866760004, 3463050.688668, 3464965.8580279998, 3461784.6458379994, 3471019.8315899996, 3462492.5693920003] 

Mean:3464192.35132
Standard Error: 876.6129723059134

term_estimates = [2575616.6835100004, 2572205.5704799998, 2571862.8348919996, 2572748.591166, 2573038.559624, 2572772.07356, 2571956.2176880003, 2572544.290342, 2572244.203204, 2572240.606572, 2571584.6800020006, 2572811.107958, 2573298.851942, 2570166.057342, 2572226.568106] 

Mean:2572487.793092533 
Standard Error: 294.02957053909046

illegal_estimates = [4130947.5172680006, 4133663.3801320004, 4128502.050244, 4124804.9765779995, 4125405.368656, 4132651.9362700004, 4129989.2207859997, 4124863.4261119994, 4130198.80988, 4129952.0067519997, 4131142.63133, 4128001.034014, 4130694.50222, 4124592.1110680006, 4131058.8625020003] 

Mean:4129097.8555874666 
Standard Error: 762.396888464263


states_per_turn = [1, 16, 240, 1680, 10920, 43680, 160160, 400400, 900900, 1441440, 2018016, 2018016, 1681680, 960960, 411840, 102960, 12870]

non_terminal_per_turn = [1.0, 16.0, 240.0, 1680.0, 10920.0, 41806.212448, 146711.93069866666, 319534.44189333334, 625799.6144399999, 751219.6211519999, 786032.703456, 475221.24249599996, 236252.160144, 58140.194112, 10074.869376, 525.226416, 18.134688]
term_per_turn = [0.0, 0.0, 0.0, 0.0, 0.0, 1873.787552, 6577.514944, 63715.67869333333, 125586.60114, 451136.22153599997, 480042.6863232, 750242.517024, 388212.240416, 246873.05843200002, 49034.466624, 8908.799328000001, 284.22108]
illegal_per_turn = [0.0, 0.0, 0.0, 0.0, 0.0, 0.0, 6870.554357333333, 17149.879413333336, 149513.78442, 239084.157312, 751940.6102208, 792552.24048, 1057215.59944, 655946.7474560001, 352730.664, 93525.974256, 12567.644232]

nonterm_prop = [1.0, 1.0, 1.0, 1.0, 1.0, 0.9571019333333334, 0.9160335333333334, 0.7980380666666667, 0.6946382666666666, 0.5211591333333333, 0.38950766666666664, 0.23548933333333333, 0.1404858, 0.0605022, 0.02446306666666667, 0.0051012666666666664, 0.0014090666666666666]
term_prop = [0.0, 0.0, 0.0, 0.0, 0.0, 0.042898066666666665, 0.0410684, 0.15913006666666665, 0.13940126666666666, 0.31297606666666666, 0.23787853333333334, 0.3717723333333333, 0.23084786666666668, 0.25690253333333335, 0.11906193333333333, 0.0865268, 0.022084]
illegal_prop = [0.0, 0.0, 0.0, 0.0, 0.0, 0.0, 0.042898066666666665, 0.04283186666666667, 0.16596046666666667, 0.1658648, 0.3726138, 0.39273833333333336, 0.6286663333333333, 0.6825952666666667, 0.856475, 0.9083719333333333, 0.9765069333333334]




Test for 4x4 k=4:
15 runs and 1000000 samples

non_term_estimates = [9065274.962938001, 9068163.368458, 9066611.870509999, 9068631.839032, 9069766.066126002, 9067058.790412001, 9063486.096716, 9071687.424708, 9068285.414954001, 9067610.269626, 9070122.714704001, 9069891.628134, 9067764.36328, 9067179.271629998, 9070992.245938001]

Mean:9068168.421811068
Standard Error: 557.7617780464876

term_estimates = [655798.122694, 654100.945498, 654546.20946, 653848.0654419999, 653092.42141, 654284.4193599999, 656695.71825, 652097.833244, 654371.4520200001, 654067.4734879999, 652824.017274, 653167.427198, 653805.0410320001, 654269.654896, 652567.1066200001]

Mean:653969.0605257334
Standard Error: 306.4604547823246

illegal_estimates = [444704.91436800006, 443513.68604400003, 444619.92003000004, 443298.095526, 442919.51246399997, 444434.79022799997, 445596.18503399997, 441992.742048, 443121.133026, 444100.25688599993, 442831.2680219999, 442718.94466800004, 444208.59568800003, 444329.073474, 442218.647442]

Mean:443640.51766320004
Standard Error: 264.7538323214685


states_per_turn = [1, 16.0, 240.0, 1680.0, 10920.0, 43680.0, 160160.0, 400400.0, 900900.0, 1441440.0, 2018016.0, 2018016.0, 1681680.0, 960960.0, 411840.0, 102960.0, 12870.0]

non_terminal_per_turn = [1.0, 16.0, 240.0, 1680.0, 10920.0, 43680.0, 160160.0, 398196.41194666666, 891009.85974, 1394040.1675200001, 1908498.27168, 1800769.9854144, 1415515.797696, 714302.901312, 270340.369728, 53442.671568, 5355.985206]
term_per_turn = [0.0, 0.0, 0.0, 0.0, 0.0, 0.0, 0.0, 2203.5880533333334, 4932.067139999999, 39467.492064000005, 53976.277555199995, 161822.4159552, 127720.905312, 167484.565248, 63503.449152, 29993.202096, 2865.09795]
illegal_per_turn = [0.0, 0.0, 0.0, 0.0, 0.0, 0.0, 0.0, 0.0, 4958.07312, 7932.340415999999, 55541.4507648, 55423.5986304, 138443.29699200002, 79172.53344, 77996.18112000001, 19524.126335999998, 4648.916844]

nonterm_prop = [1.0, 1.0, 1.0, 1.0, 1.0, 1.0, 1.0, 0.9944965333333333, 0.9890219333333333, 0.9671163333333334, 0.94573, 0.8923467333333334, 0.8417272, 0.7433222, 0.6564208666666667, 0.5190624666666667, 0.4161604666666667]
term_prop = [0.0, 0.0, 0.0, 0.0, 0.0, 0.0, 0.0, 0.005503466666666667, 0.0054746, 0.0273806, 0.0267472, 0.08018886666666666, 0.0759484, 0.1742888, 0.15419446666666667, 0.2913092666666667, 0.22261833333333333]
illegal_prop = [0.0, 0.0, 0.0, 0.0, 0.0, 0.0, 0.0, 0.0, 0.005503466666666667, 0.005503066666666666, 0.0275228, 0.0274644, 0.0823244, 0.082389, 0.18938466666666667, 0.18962826666666666, 0.3612212]


nonterm_means = [79577.2026444, 3464192.35132]
nonterm_sterrors = [9.441450344747777, 876.6129723059134]

term_means = [32389.630446799998, 2572487.793092533]
term_sterrors = [5.912834985896295, 294.02957053909046]

illegal_means = [31397.1669088, 4129097.8555874666]

illegal_means = [5.1199918327053515, 762.396888464263]

