


Test for 3x7 k=3: 
15 runs and 1000000 samples 

non_term_estimates = [455802712.16023993, 456083591.980904, 455913626.504912, 455897350.99486405, 455793368.01184404, 456341312.23644805, 456650303.309778, 455580473.75767, 456202342.25002, 457299078.96634996, 456062907.4336459, 456085832.895472, 456117866.1950181, 456331198.566392, 456475478.2871581] 

Mean:456175829.5700477 
Standard Error: 107963.66095691983

term_estimates = [483982169.586718, 483763479.8662841, 483430817.7269719, 483201698.123358, 483612868.030908, 483662981.90597594, 483662089.919512, 483561100.0747781, 483402981.581804, 483804649.783496, 483943206.649048, 483815676.191474, 483371418.36935204, 483543070.75418794, 483447561.441024] 

Mean:483613718.0003261 
Standard Error: 57340.13103954752

illegal_estimates = [1233458245.253042, 1233396055.1528118, 1233898682.7681158, 1234144077.881778, 1233836890.957248, 1233238832.8575761, 1232930733.7707102, 1234101553.1675522, 1233637803.168176, 1232139398.2501543, 1233237012.917306, 1233341617.913054, 1233753842.43563, 1233368857.6794198, 1233320087.2718182] 

Mean:1233453579.429626 
Standard Error: 129101.65927704032


states_per_turn = [1, 21, 420, 3990, 35910, 203490, 1085280, 4069800, 14244300, 37035180, 88884432, 162954792, 271591320, 349188840, 399072960, 349188840, 261891630, 145495350, 64664600, 19399380, 3879876, 352716]

non_terminal_per_turn = [1.0, 21.0, 420.0, 3990.0, 35910.0, 198589.404594, 1033596.6511360001, 3597275.3283599997, 11686717.89222, 26078823.206436, 53686362.8456064, 75607514.5281456, 96768548.604728, 82099487.558088, 61818450.078528, 28944681.974208, 11553715.905732, 2564801.7294900003, 455540.55213333335, 38717.282604, 2591.757168, 73.27087039999999]
term_per_turn = [0.0, 0.0, 0.0, 0.0, 0.0, 4900.5954059999995, 25546.840032, 374342.37456, 1214700.7252800001, 7467452.7236399995, 15406759.3182048, 50008631.2069344, 64134280.442232005, 116031331.10368799, 87865809.153408, 86018689.981224, 34877854.3113, 16614317.70999, 2990573.9330133335, 547693.642496, 29587.934376, 1246.0045416]
illegal_per_turn = [0.0, 0.0, 0.0, 0.0, 0.0, 0.0, 26136.508832, 98182.29708, 1342881.3825, 3488904.0699239997, 19791309.8361888, 37338646.26492, 110688490.95304, 151058021.338224, 249388700.768064, 234225468.044568, 215460059.782968, 126316230.56052, 61218485.51485333, 18812969.0749, 3847696.308456, 351396.724588]

nonterm_prop = [1.0, 1.0, 1.0, 1.0, 1.0, 0.9759172666666667, 0.9523778666666667, 0.8838948666666666, 0.8204487333333333, 0.7041635333333334, 0.6040018666666667, 0.46397846666666664, 0.35630206666666664, 0.23511486666666667, 0.15490513333333333, 0.0828912, 0.0441164, 0.017628066666666668, 0.007044666666666667, 0.0019958, 0.000668, 0.00020773333333333333]
term_prop = [0.0, 0.0, 0.0, 0.0, 0.0, 0.02408273333333333, 0.0235394, 0.09198053333333334, 0.08527626666666667, 0.20163133333333333, 0.17333473333333332, 0.3068865333333333, 0.2361426, 0.3322882, 0.2201748, 0.2463386, 0.13317666666666667, 0.1141914, 0.04624746666666667, 0.028232533333333334, 0.007626, 0.0035326]
illegal_prop = [0.0, 0.0, 0.0, 0.0, 0.0, 0.0, 0.02408273333333333, 0.0241246, 0.094275, 0.09420513333333333, 0.2226634, 0.229135, 0.4075553333333333, 0.4325969333333333, 0.6249200666666667, 0.6707702, 0.8227069333333333, 0.8681805333333333, 0.9467078666666666, 0.9697716666666667, 0.991706, 0.9962596666666667]


Test for 4x7 k=3: 
15 runs and 1000000 samples 

non_term_estimates = [314133145489.01227, 312618648359.4666, 312661302408.1546, 313709850809.7311, 313459903786.9368, 313207806619.44525, 312194603759.73724, 312597454302.772, 313261676828.9357, 311787674127.7008, 312133527043.32477, 313059560969.32855, 313270859093.7927, 313704029647.5101, 313913812099.75385] 

Mean:313047590356.3734 
Standard Error: 179630403.93969107

term_estimates = [559836371846.5758, 559446068014.9097, 558520604364.3932, 559525674774.7495, 558870065326.9163, 558239561238.482, 558427612784.5847, 558324607759.7716, 559586643993.3236, 559098924709.7812, 558401696602.4724, 559540221143.6183, 558341102437.1792, 559880669043.3417, 559766890579.0955] 

Mean:559053780974.6129 
Standard Error: 162448276.7850702

illegal_estimates = [3268488475026.4116, 3270393275987.6235, 3271276085589.452, 3269222466777.519, 3270128023248.1465, 3271010624504.0728, 3271835775817.6772, 3271535930299.456, 3269609671539.7417, 3271571393524.5166, 3271922768716.203, 3269858210249.0522, 3270846030831.0273, 3268873293671.148, 3268777289683.151] 

Mean:3270356621031.0137 
Standard Error: 303555030.6745865


states_per_turn = [1, 28, 756, 9828, 122850, 982800, 7534800, 41441400, 217567350, 870269400, 3307023720, 9921071160, 28109701620, 64250746560, 137680171200, 240940299600, 391527986850, 522037315800, 638045608200, 638045608200, 574241047380, 417629852640, 265764451680, 132882225840, 55367594100, 17036182800, 3931426800, 561632400, 40116600]

non_terminal_per_turn = [1.0, 28.0, 756.0, 9828.0, 122850.0, 966563.29224, 7288092.56448, 38127798.148439996, 190415902.01634, 689227720.86168, 2369057432.597856, 6010789432.664016, 14395812120.750061, 25541303726.562622, 42412560311.7216, 51669133243.24752, 58306869839.0178, 47266824684.4794, 34953669726.65568, 17896158437.03688, 8146872587.389536, 2432276261.77536, 616644398.418048, 92025370.801728, 10807754.36832, 599673.63456, 25161.13152, 636.5167200000001, 18.72108]
term_per_turn = [0.0, 0.0, 0.0, 0.0, 0.0, 16236.707759999998, 122226.00936, 2630349.20148, 13116178.23516, 125008919.67564, 430729697.990592, 2357681050.532808, 5668154547.443388, 19434133197.775295, 32485535429.181118, 71857665510.91127, 81931459750.62048, 116563554490.74336, 87653429563.2996, 77970874776.9952, 36607177681.21814, 19176059365.759296, 5147396770.658689, 1420333817.9284801, 185898542.77722, 21804042.492960002, 965558.42208, 33098.86944, 171.16416]
illegal_per_turn = [0.0, 0.0, 0.0, 0.0, 0.0, 0.0, 124481.42615999999, 683252.65008, 14035269.748499999, 56032759.46268, 507236589.411552, 1552600676.803176, 8045734951.806552, 19275309635.66208, 62782075459.09728, 117413500845.8412, 251289657260.3617, 358206936624.7772, 515438508910.04474, 542178574985.96796, 529486997111.39233, 396021517012.46533, 260000410510.92328, 131369866651.26979, 55170887802.85446, 17013779083.87248, 3930436080.4463997, 561598664.61384, 40116410.114760004]

nonterm_prop = [1.0, 1.0, 1.0, 1.0, 1.0, 0.9834791333333334, 0.9672576, 0.9200412666666666, 0.8752044, 0.7919705333333333, 0.7163714666666666, 0.6058609333333334, 0.5121296666666667, 0.3975254, 0.30805133333333334, 0.21444786666666665, 0.14892133333333332, 0.090543, 0.0547824, 0.0280484, 0.0141872, 0.005824, 0.002320266666666667, 0.0006925333333333333, 0.0001952, 3.52e-05, 6.4e-06, 1.1333333333333334e-06, 4.6666666666666666e-07]
term_prop = [0.0, 0.0, 0.0, 0.0, 0.0, 0.016520866666666665, 0.016221533333333333, 0.06347153333333333, 0.0602856, 0.14364393333333333, 0.13024693333333334, 0.2376438, 0.20164406666666668, 0.3024732666666667, 0.23594926666666666, 0.29823846666666665, 0.2092608, 0.22328586666666667, 0.137378, 0.12220266666666667, 0.0637488, 0.0459164, 0.01936826666666667, 0.010688666666666667, 0.0033575333333333334, 0.0012798666666666667, 0.0002456, 5.8933333333333334e-05, 4.266666666666667e-06]
illegal_prop = [0.0, 0.0, 0.0, 0.0, 0.0, 0.0, 0.016520866666666665, 0.0164872, 0.06451, 0.06438553333333333, 0.1533816, 0.15649526666666666, 0.2862262666666667, 0.30000133333333334, 0.4559994, 0.48731366666666664, 0.6418178666666666, 0.6861711333333333, 0.8078396, 0.8497489333333333, 0.922064, 0.9482596, 0.9783114666666667, 0.9886188, 0.9964472666666667, 0.9986849333333333, 0.999748, 0.9999399333333333, 0.9999952666666667]


Test for 4x7 k=4: 
15 runs and 1000000 samples 

non_term_estimates = [2615590463800.31, 2616993099123.584, 2615270863864.4, 2615864758248.223, 2617780307640.857, 2617586503959.1646, 2619231728332.1606, 2616085734823.301, 2618401574198.895, 2615708169614.126, 2615643168317.9214, 2618253245325.628, 2615395398678.4536, 2615964592202.2266, 2614855906395.2627] 

Mean:2616575034301.6343 
Standard Error: 349249201.95956886

term_estimates = [724350739234.3392, 723213965929.7499, 723501230117.4347, 723883307691.0731, 722825588472.308, 723300583355.2285, 722138370213.1141, 724018189938.9363, 722208129819.3569, 724013281099.9828, 723775061068.4762, 723040157395.222, 723845797981.0206, 723713190885.6746, 724293619533.0277] 

Mean:723474747515.6628 
Standard Error: 176937526.43222648

illegal_estimates = [802516789327.3507, 802250927308.6667, 803685898380.1654, 802709926422.7032, 801852096248.8358, 801570905047.6058, 801087893816.7251, 802354067599.7623, 801848288343.7476, 802736541647.8922, 803039762975.6024, 801164589641.1493, 803216795702.525, 802780209274.0986, 803308466433.7098] 

Mean:802408210544.7025 
Standard Error: 201020925.91255897


states_per_turn = [1, 28, 756, 9828, 122850, 982800, 7534800, 41441400, 217567350, 870269400, 3307023720, 9921071160, 28109701620, 64250746560, 137680171200, 240940299600, 391527986850, 522037315800, 638045608200, 638045608200, 574241047380, 417629852640, 265764451680, 132882225840, 55367594100, 17036182800, 3931426800, 561632400, 40116600]

non_terminal_per_turn = [1.0, 28.0, 756.0, 9828.0, 122850.0, 982800.0, 7534800.0, 41378116.21944, 216902246.61105, 862428562.7958, 3257855111.799288, 9630465789.200256, 26888224519.784626, 59678466399.16761, 124170295222.32193, 206405459073.25345, 318573141457.6211, 391026100174.5899, 439858603708.8443, 388064230590.2362, 308015432681.01605, 186777044468.03003, 99080353936.02528, 38425252046.440895, 12410232806.14572, 2700609769.8216, 441970738.76088, 40086063.24408, 1849757.70492]
term_per_turn = [0.0, 0.0, 0.0, 0.0, 0.0, 0.0, 0.0, 63283.78056, 332863.54101000004, 6507294.3936, 24405614.585352, 216837576.89193597, 602514588.403728, 3164216483.203776, 6579074516.82624, 22404620829.95136, 34596195974.039696, 79582744261.86084, 89707000621.47824, 139964406942.68033, 111468571215.74974, 115400733771.04271, 61417137160.70151, 39855844372.20422, 12927857061.04074, 4671833544.98952, 764139632.8356, 114580123.6104, 5129781.85188]
illegal_per_turn = [0.0, 0.0, 0.0, 0.0, 0.0, 0.0, 0.0, 0.0, 332239.84794, 1333542.8106, 24762993.61536, 73767793.90780799, 618962511.8116441, 1408063677.628608, 6930801460.851839, 12130219696.7952, 38358649418.33925, 51428471363.54928, 108480003869.67744, 110016970667.08348, 154757043483.23422, 115452074400.92726, 105266960583.27321, 54601129421.35488, 30029504232.813538, 9663739485.18888, 2725316428.40352, 406966213.14552, 33137060.4432]

nonterm_prop = [1.0, 1.0, 1.0, 1.0, 1.0, 1.0, 1.0, 0.9984729333333333, 0.996943, 0.9909903333333333, 0.9851320666666666, 0.9707082666666667, 0.9565460666666666, 0.9288369333333333, 0.9018749333333334, 0.8566664, 0.8136663333333334, 0.7490386, 0.6893842666666666, 0.6082076666666667, 0.536387, 0.4472310666666667, 0.3728126666666667, 0.28916773333333334, 0.22414253333333334, 0.158522, 0.11241993333333333, 0.0713742, 0.046109533333333334]
term_prop = [0.0, 0.0, 0.0, 0.0, 0.0, 0.0, 0.0, 0.0015270666666666666, 0.0015299333333333334, 0.007477333333333333, 0.007379933333333333, 0.021856266666666666, 0.0214344, 0.049247933333333334, 0.0477852, 0.09298826666666667, 0.088362, 0.15244646666666667, 0.14059653333333333, 0.21936426666666667, 0.1941146, 0.276323, 0.23109613333333334, 0.2999336, 0.2334914, 0.27423006666666666, 0.194367, 0.20401266666666668, 0.1278718]
illegal_prop = [0.0, 0.0, 0.0, 0.0, 0.0, 0.0, 0.0, 0.0, 0.0015270666666666666, 0.0015323333333333332, 0.007488, 0.007435466666666666, 0.022019533333333334, 0.021915133333333333, 0.05033986666666666, 0.05034533333333333, 0.09797166666666667, 0.09851493333333333, 0.1700192, 0.17242806666666666, 0.2694984, 0.27644593333333334, 0.3960912, 0.4108986666666667, 0.5423660666666666, 0.5672479333333333, 0.6932130666666667, 0.7246131333333333, 0.8260186666666667]


Test for 5x7 k=3: 
15 runs and 1000000 samples 

non_term_estimates = [220589692804900.12, 221316432908978.1, 220813337549990.06, 221321692517688.88, 221372359141115.5, 221580077402794.97, 222162826186179.1, 221767243573260.3, 220832184200019.03, 221568360429552.7, 220271368152329.5, 221196501623592.84, 222052609145335.4, 221020419728646.5, 222126626120661.38] 

Mean:221332782099002.97 
Standard Error: 145733330834.41284

term_estimates = [560860100483506.7, 560362042547806.6, 560332047071964.8, 559222181522756.44, 559911730067655.9, 560497435801713.94, 560091140673334.25, 560482314963519.94, 559871006167221.94, 560630825587504.5, 560625658545332.6, 559407669824002.25, 561073205114315.25, 560454578196352.5, 560373482773748.75] 

Mean:560279694622715.8 
Standard Error: 130267499217.02087

illegal_estimates = [7353077356078136.0, 7352848673909758.0, 7353381764744585.0, 7353983275326097.0, 7353243060157772.0, 7352449636162033.0, 7352273182507028.0, 7352277590829763.0, 7353823958999303.0, 7352327963349485.0, 7353630122668881.0, 7353922977918947.0, 7351401335106890.0, 7353052151441542.0, 7352027040472132.0] 

Mean:7352914672644822.0 
Standard Error: 199152347872.25476


states_per_turn = [1, 35, 1190, 19635, 314160, 3246320, 32463200, 235358200, 1647507400, 8896539960, 46262007792, 192758365800, 771033463200, 2533395664800, 7962100660800, 20900514234600, 52251285586500, 110308269571500, 220616539143000, 375048116543100, 600076986468960, 818286799730400, 1041455926929600, 1128243920840400, 1128243920840400, 954667933018800, 734359948476000, 472088538306000, 269764879032000, 125890276881600, 50356110752640, 15736284610200, 3934071152550, 694247850450, 81676217700, 4537567650]

non_terminal_per_turn = [1.0, 35.0, 1190.0, 19635.0, 314160.0, 3208577.2015733332, 31713334.707413334, 222067161.56342667, 1501126806.8453066, 7562936757.94272, 36687308077.71469, 136239274145.93497, 485626020188.269, 1342369347549.3103, 3548549022505.344, 7307735218939.636, 14318858700067.521, 21808797944903.57, 31405029086853.023, 34859697301162.594, 36325780391295.79, 28706864745875.312, 21065945616375.79, 11436707760513.578, 5689057146445.633, 2034015498089.8552, 646481541308.372, 139077283384.9476, 26383005169.3296, 3256361828.67072, 285351294.26496, 15736284.610199999, 1049085.64068, 0.0, 0.0, 0.0]
term_per_turn = [0.0, 0.0, 0.0, 0.0, 0.0, 37742.79842666667, 372437.30832, 10559392.71464, 71608689.47334667, 928770302.8961279, 4518508993.3279295, 35127153734.31264, 125595542703.19057, 647098836724.1798, 1716503101278.0393, 6123308650735.315, 12057565880064.404, 30324184538283.633, 44044415354202.46, 78246588592880.19, 82445337268486.61, 102463090887121.61, 76426757184962.8, 65071844215777.016, 33193011367385.957, 18568927742504.34, 6132444100403.482, 2142746930232.4934, 418531217655.51355, 81694397011.03296, 8587395420.350207, 765832517.6964, 37504811.65431, 1064513.37069, 5445.08118, 302.50451]
illegal_per_turn = [0.0, 0.0, 0.0, 0.0, 0.0, 0.0, 377427.9842666667, 2731645.721933333, 74771903.68134667, 404832899.161152, 5056190720.957376, 21391937919.7524, 159811900308.5405, 543927480526.51013, 2697048537016.616, 7469470364925.049, 25874861006368.074, 58175287088312.8, 145167094701944.5, 261941830649057.22, 481305868809177.56, 687116844097403.0, 943963224128261.5, 1051735368864109.5, 1089361852326568.5, 934064989778205.8, 727581022834288.1, 469806714092382.56, 269319964809175.16, 125805326122760.3, 50347238005925.39, 15735503041397.693, 3934032598652.705, 694246785936.6293, 81676212254.91882, 4537567347.49549]

nonterm_prop = [1.0, 1.0, 1.0, 1.0, 1.0, 0.9883736666666667, 0.9769010666666667, 0.9435284666666667, 0.9111502666666667, 0.8500986666666667, 0.7930332, 0.7067878666666667, 0.6298378, 0.5298696, 0.44568, 0.3496438, 0.2740384, 0.19770773333333333, 0.1423512, 0.09294726666666667, 0.0605352, 0.035081666666666664, 0.0202274, 0.010136733333333333, 0.0050424, 0.0021306, 0.0008803333333333333, 0.0002946, 9.78e-05, 2.5866666666666667e-05, 5.666666666666667e-06, 1e-06, 2.6666666666666667e-07, 0.0, 0.0, 0.0]
term_prop = [0.0, 0.0, 0.0, 0.0, 0.0, 0.011626333333333334, 0.0114726, 0.0448652, 0.043464866666666664, 0.1043968, 0.09767213333333333, 0.18223413333333333, 0.16289246666666668, 0.25542746666666666, 0.2155842, 0.29297406666666664, 0.23076113333333334, 0.274904, 0.1996424, 0.2086308, 0.13739126666666668, 0.1252166, 0.07338453333333333, 0.057675333333333335, 0.029420066666666668, 0.019450666666666668, 0.008350733333333334, 0.004538866666666667, 0.0015514666666666666, 0.0006489333333333333, 0.00017053333333333332, 4.8666666666666666e-05, 9.533333333333334e-06, 1.5333333333333334e-06, 6.666666666666667e-08, 6.666666666666667e-08]
illegal_prop = [0.0, 0.0, 0.0, 0.0, 0.0, 0.0, 0.011626333333333334, 0.011606333333333333, 0.04538486666666667, 0.04550453333333333, 0.10929466666666666, 0.110978, 0.20726973333333334, 0.21470293333333335, 0.3387358, 0.35738213333333335, 0.49520046666666667, 0.5273882666666667, 0.6580064, 0.6984219333333334, 0.8020735333333333, 0.8397017333333333, 0.9063880666666667, 0.9321879333333334, 0.9655375333333334, 0.9784187333333333, 0.9907689333333334, 0.9951665333333334, 0.9983507333333334, 0.9993252, 0.9998238, 0.9999503333333334, 0.9999902, 0.9999984666666667, 0.9999999333333334, 0.9999999333333334]


Test for 5x7 k=4: 
15 runs and 1000000 samples 

non_term_estimates = [3841995339753626.5, 3834792823059859.0, 3835646648771084.0, 3830612643879913.0, 3832990690109696.0, 3834345318777180.5, 3834888678395952.5, 3835324000277836.5, 3834560815033860.5, 3838061241658961.5, 3837025924694281.5, 3832335237615405.0, 3839404894849280.5, 3830514570032112.5, 3830431981314744.5] 

Mean:3834862053881586.0 
Standard Error: 856629616736.0228

term_estimates = [1745413580084599.8, 1747561472075965.0, 1746097041684985.5, 1747534744909897.2, 1746557644873982.8, 1746734251003273.2, 1747140851160924.5, 1746283993503902.8, 1746881979377275.8, 1746377961353996.2, 1746193303206691.8, 1748775236897036.8, 1747131313948425.8, 1748098359447148.5, 1748917385968357.0] 

Mean:1747046607966430.5 
Standard Error: 256371918819.31555

illegal_estimates = [2547118229528315.5, 2552172854230717.0, 2552783458910472.0, 2556379760576732.0, 2554978814382862.0, 2553447579586088.0, 2552497619809665.5, 2552919155584802.5, 2553084354955405.5, 2550087946353584.5, 2551307921465568.5, 2553416674854100.0, 2547990940568834.0, 2555914219887280.5, 2555177782083441.5] 

Mean:2552618487518524.5 
Standard Error: 685880571177.2078


states_per_turn = [1, 35, 1190, 19635, 314160, 3246320, 32463200, 235358200, 1647507400, 8896539960, 46262007792, 192758365800, 771033463200, 2533395664800, 7962100660800, 20900514234600, 52251285586500, 110308269571500, 220616539143000, 375048116543100, 600076986468960, 818286799730400, 1041455926929600, 1128243920840400, 1128243920840400, 954667933018800, 734359948476000, 472088538306000, 269764879032000, 125890276881600, 50356110752640, 15736284610200, 3934071152550, 694247850450, 81676217700, 4537567650]

non_terminal_per_turn = [1.0, 35.0, 1190.0, 19635.0, 314160.0, 3246320.0, 32463200.0, 235133495.68118668, 1644351654.4922135, 8846550895.067425, 45831064852.8821, 189215415634.3651, 749938810082.5421, 2419796176473.836, 7467850608247.286, 18997579541611.91, 46022232177362.336, 92422974989792.64, 175841235902386.03, 277541006934772.22, 412230086778689.7, 505868118188078.9, 579119689502332.6, 542711952480764.25, 469190614325552.06, 327059178016679.75, 207047500081179.16, 103279029833188.16, 45721244397340.67, 15403053047294.404, 4437058200413.82, 917490436084.3822, 151448888074.07666, 15999311979.14049, 1132555105.11528, 34137028.94448]
term_per_turn = [0.0, 0.0, 0.0, 0.0, 0.0, 0.0, 0.0, 224704.31881333332, 1582815.2760933333, 41430000.388391994, 215269458.7915872, 2641470691.0191603, 10479681222.89088, 78699260754.83472, 243465644812.65314, 1242564831966.8984, 3020207908956.6387, 11069258358268.71, 21108869912818.49, 56876021870553.34, 84697026147380.31, 169278171973428.12, 194613328115182.78, 287230292990345.2, 249808849056433.53, 268039060616302.8, 171143222437620.47, 129471351697774.0, 57976447039861.2, 29362874782362.77, 8588546896749.418, 2661877517752.225, 447269007947.3824, 70570155148.67241, 5029637821.20954, 222447296.43752]
illegal_per_turn = [0.0, 0.0, 0.0, 0.0, 0.0, 0.0, 0.0, 0.0, 1572930.2316933332, 8559064.544184, 215673480.32630402, 901479474.6157199, 10614971894.56704, 34900227571.32912, 250784407740.0605, 660369861021.1903, 3208845500181.021, 6816036223438.643, 23666433327795.457, 40631087737774.43, 103149873542890.0, 143140509568893.0, 267722909312084.56, 298301675369290.6, 409244457458414.4, 359569694385817.44, 356169225957200.3, 239338156775037.84, 166067187594798.12, 81124349051942.83, 37330505655476.766, 12156916656363.393, 3335353256528.541, 607678383322.187, 75514024773.67517, 4280983324.618]

nonterm_prop = [1.0, 1.0, 1.0, 1.0, 1.0, 1.0, 1.0, 0.9990452666666667, 0.9980845333333334, 0.9943810666666667, 0.9906847333333333, 0.9816197333333333, 0.9726410666666667, 0.9551592, 0.9379246666666666, 0.9089527333333334, 0.8807866, 0.8378608, 0.7970446666666666, 0.7400144, 0.686962, 0.6182039333333333, 0.5560674, 0.4810236, 0.4158592, 0.3425894666666667, 0.2819428, 0.21877046666666666, 0.16948553333333333, 0.122353, 0.0881136, 0.058304133333333334, 0.03849673333333333, 0.023045533333333333, 0.0138664, 0.0075232]
term_prop = [0.0, 0.0, 0.0, 0.0, 0.0, 0.0, 0.0, 0.0009547333333333333, 0.0009607333333333333, 0.004656866666666666, 0.004653266666666667, 0.013703533333333334, 0.013591733333333333, 0.031064733333333334, 0.030578066666666667, 0.0594514, 0.0578016, 0.1003484, 0.09568126666666667, 0.15164993333333332, 0.1411436, 0.206869, 0.1868666, 0.25458173333333334, 0.22141386666666665, 0.2807668, 0.23305086666666666, 0.2742522666666667, 0.21491473333333333, 0.2332418, 0.1705562, 0.1691554, 0.11369113333333333, 0.1016498, 0.0615802, 0.04902346666666667]
illegal_prop = [0.0, 0.0, 0.0, 0.0, 0.0, 0.0, 0.0, 0.0, 0.0009547333333333333, 0.0009620666666666667, 0.004662, 0.004676733333333333, 0.0137672, 0.013776066666666666, 0.03149726666666667, 0.03159586666666667, 0.0614118, 0.0617908, 0.10727406666666667, 0.10833566666666666, 0.1718944, 0.17492706666666666, 0.257066, 0.26439466666666667, 0.36272693333333333, 0.37664373333333334, 0.4850063333333333, 0.5069772666666666, 0.6155997333333333, 0.6444052, 0.7413302, 0.7725404666666666, 0.8478121333333334, 0.8753046666666666, 0.9245534, 0.9434533333333334]


Test for 5x7 k=5: 
15 runs and 1000000 samples 

non_term_estimates = [7187142925698178.0, 7184963479888093.0, 7184503439150059.0, 7186803704678899.0, 7187481171521501.0, 7186018420055334.0, 7188549008784853.0, 7184626800337454.0, 7189230937264298.0, 7187567419698677.0, 7182991864429100.0, 7187841743732894.0, 7188967800394073.0, 7183379347700902.0, 7183676410156218.0] 

Mean:7186249631566036.0 
Standard Error: 540371426477.3036

term_estimates = [507752920551903.25, 509180434864469.3, 509056080174034.5, 508176808590345.8, 507877455524465.06, 508390772292149.06, 507166597975993.75, 508979173629752.44, 506884588382883.5, 507818953305007.8, 510083059972501.9, 507614335354473.5, 506948191161486.06, 509695032225385.3, 509937463793473.06] 

Mean:508370791186554.94 
Standard Error: 274796971944.33652

illegal_estimates = [439631303116459.8, 440383234613978.6, 440967630042447.3, 439546636097297.5, 439168522320577.25, 440117957019059.5, 438811542605696.75, 440921175399337.44, 438411623719359.8, 439140776362855.7, 441452224964938.75, 439071070279175.3, 438611157810983.4, 441452769440255.9, 440913275416852.8] 

Mean:439906726613951.75 
Standard Error: 270510839556.46844


states_per_turn = [1, 35, 1190, 19635, 314160, 3246320, 32463200, 235358200, 1647507400, 8896539960, 46262007792, 192758365800, 771033463200, 2533395664800, 7962100660800, 20900514234600, 52251285586500, 110308269571500, 220616539143000, 375048116543100, 600076986468960, 818286799730400, 1041455926929600, 1128243920840400, 1128243920840400, 954667933018800, 734359948476000, 472088538306000, 269764879032000, 125890276881600, 50356110752640, 15736284610200, 3934071152550, 694247850450, 81676217700, 4537567650]

non_terminal_per_turn = [1.0, 35.0, 1190.0, 19635.0, 314160.0, 3246320.0, 32463200.0, 235358200.0, 1647507400.0, 8895749947.251553, 46253791659.41614, 192641541379.7675, 770233490280.8146, 2527595370978.918, 7933853250882.324, 20766355227095.72, 51767048539036.63, 108663257055149.5, 216081825011992.75, 363602298109606.56, 575840237031670.6, 772055123014325.2, 966156302779155.6, 1019274512585087.5, 992661795845349.8, 807233154337753.0, 596778444403629.8, 362277156423133.25, 195471361581708.16, 84140470268897.83, 31044119287672.24, 8685021231900.606, 1943195367361.9573, 295285502745.2692, 29912820271.307823, 1363037223.8429098]
term_per_turn = [0.0, 0.0, 0.0, 0.0, 0.0, 0.0, 0.0, 0.0, 0.0, 790012.748448, 4108066.2919296003, 99707477.34948, 401091607.55663997, 4481576931.031199, 14155553361.48096, 96929618181.9966, 241442740438.0992, 1132785035768.286, 2258245602437.0244, 7564620497843.248, 12002179811498.102, 29510749697930.46, 36929194004182.08, 67350596070829.06, 65502006014662.766, 88034576154270.9, 65037756562168.67, 62958766063272.43, 33970735874838.47, 22758301579008.516, 8398643931879.062, 3593472910275.55, 805055469358.7336, 185464934574.8453, 18827783900.9568, 1298001779.23801]
illegal_per_turn = [0.0, 0.0, 0.0, 0.0, 0.0, 0.0, 0.0, 0.0, 0.0, 0.0, 4108066.2919296003, 17116942.88304, 398881311.6288, 1318716890.05056, 14091856556.194561, 37229389322.28516, 242794307025.27002, 512227480582.2174, 2276468528570.236, 3881197935650.1553, 12234569625791.314, 16720927018144.309, 38370430146262.38, 41618812184483.46, 70080118980387.555, 59400202526776.15, 72543747510201.66, 46852615819594.29, 40322781575453.36, 18991505033693.66, 10913347533088.701, 3457790468023.843, 1185820315829.309, 213497413129.8855, 32935613527.735382, 1876528646.91908]

nonterm_prop = [1.0, 1.0, 1.0, 1.0, 1.0, 1.0, 1.0, 1.0, 1.0, 0.9999112, 0.9998224, 0.9993939333333334, 0.9989624666666667, 0.9977104666666666, 0.9964522666666666, 0.9935810666666667, 0.9907325333333333, 0.9850871333333333, 0.9794452666666666, 0.9694817333333333, 0.9596106, 0.9435018666666667, 0.9276977333333334, 0.9034168, 0.8798290666666667, 0.8455643333333334, 0.8126511333333334, 0.7673924, 0.724599, 0.6683635333333333, 0.6164916, 0.5519105333333333, 0.4939400666666667, 0.42533153333333334, 0.3662366, 0.3003894]
term_prop = [0.0, 0.0, 0.0, 0.0, 0.0, 0.0, 0.0, 0.0, 0.0, 8.88e-05, 8.88e-05, 0.0005172666666666667, 0.0005202, 0.001769, 0.0017778666666666667, 0.004637666666666667, 0.0046208, 0.010269266666666667, 0.010236066666666667, 0.020169733333333332, 0.020001066666666668, 0.036064066666666665, 0.0354592, 0.059695066666666664, 0.0580566, 0.09221486666666667, 0.08856386666666667, 0.1333622, 0.1259272, 0.18077886666666668, 0.166785, 0.22835586666666666, 0.20463673333333332, 0.26714513333333334, 0.23051733333333332, 0.2860567333333333]
illegal_prop = [0.0, 0.0, 0.0, 0.0, 0.0, 0.0, 0.0, 0.0, 0.0, 0.0, 8.88e-05, 8.88e-05, 0.0005173333333333333, 0.0005205333333333334, 0.0017698666666666667, 0.0017812666666666666, 0.004646666666666667, 0.0046436, 0.010318666666666667, 0.010348533333333333, 0.020388333333333335, 0.020434066666666667, 0.03684306666666667, 0.03688813333333334, 0.062114333333333334, 0.0622208, 0.098785, 0.0992454, 0.1494738, 0.1508576, 0.2167234, 0.2197336, 0.3014232, 0.3075233333333333, 0.4032460666666667, 0.41355386666666666]


Test for 6x7 k=3: 
15 runs and 1000000 samples 

non_term_estimates = [1.5677297213531114e+17, 1.5678618031835376e+17, 1.5670686801524816e+17, 1.5885248739630864e+17, 1.5790335613463645e+17, 1.5635191038780944e+17, 1.5694183873334467e+17, 1.5610642820675968e+17, 1.5675055268401398e+17, 1.564671606550985e+17, 1.5724897181947062e+17, 1.5529269958767648e+17, 1.556286888094871e+17, 1.5652420430768438e+17, 1.5778030666835734e+17] 

Mean:1.5680764172397066e+17 
Standard Error: 230285065317277.3

term_estimates = [5.100482257000122e+17, 5.1243150943296794e+17, 5.12137763541784e+17, 5.123765003275059e+17, 5.1190984684017434e+17, 5.10288574696006e+17, 5.13083646720042e+17, 5.1101870956445146e+17, 5.12858084359895e+17, 5.126302671104808e+17, 5.1105251431040934e+17, 5.120413005497682e+17, 5.118160130706222e+17, 5.1170301228344384e+17, 5.1266655246270515e+17] 

Mean:5.1187083473135123e+17 
Standard Error: 234822630549237.84

illegal_estimates = [1.5615580896337805e+19, 1.5613184404421808e+19, 1.5613557462616097e+19, 1.5611173106449314e+19, 1.5612588891198314e+19, 1.561576160908931e+19, 1.5612376608719743e+19, 1.561527695640192e+19, 1.5612793457129224e+19, 1.5613304666407549e+19, 1.5614100608043248e+19, 1.5615068094035685e+19, 1.561495739229302e+19, 1.5614174877582002e+19, 1.5611955235042068e+19] 

Mean:1.5613723617717807e+19 
Standard Error: 363741975288793.06


states_per_turn = [1, 42, 1722, 34440, 671580, 8506680, 104915720, 944241480, 8262112950, 56182368060, 370803629196, 1977619355712, 10217700004512, 43790142876480, 181416306202560, 634957071708960, 2142980117017740, 6190831449162360, 17196754025451000, 41272209661082400, 94926082220489520, 189852164440979040, 362445041205505440, 604075068675842400, 956452192070083800, 1324318419789346800, 1731801010493761200, 1979201154850012800, 2120572665910728000, 1979201154850012800, 1715307667536677760, 1286480750652508320, 884455516073599470, 520267950631529100, 275435973863750700, 122415988383889200, 47606217704845800, 15033542433109200, 3956195377134000, 791239075426800, 118685861314020, 11303415363240, 538257874440]

non_terminal_per_turn = [1.0, 42.0, 1722.0, 34440.0, 671580.0, 8433684.746032, 103131201.52413866, 904726170.101208, 7716653210.30877, 49881223333.75709, 312930749412.13763, 1534402293298.2168, 7288623959678.56, 27557989360283.527, 100710371821872.36, 295908409171454.94, 837912940482357.6, 1915264541703001.8, 4207261538044299.0, 7460592991230713.0, 1.2659842268957512e+16, 1.7278078438255582e+16, 2.2447574530010784e+16, 2.3297282630278724e+16, 2.284804878156752e+16, 1.7605224208995618e+16, 1.276637523575721e+16, 7162465085914883.0, 3730652805381213.5, 1465532481794606.0, 522025300153662.3, 132164455783701.03, 31427652671148.57, 5480155746652.106, 973207107651.9192, 81610658922.5928, 9521243540.96916, 0.0, 0.0, 0.0, 0.0, 0.0, 0.0]
term_per_turn = [0.0, 0.0, 0.0, 0.0, 0.0, 72995.253968, 884243.6769226667, 31490201.560272, 267635175.59688, 4419278853.161172, 27703900988.60464, 280936386751.15454, 1333961606389.0596, 9225082561845.102, 33733430867994.195, 167525338250362.7, 475552575131617.3, 1742239057140845.8, 3841751409934948.5, 1.051647269043722e+16, 1.7942301549174274e+16, 3.683477521094276e+16, 4.8195791072263624e+16, 7.390040950322658e+16, 7.326921146396718e+16, 8.293164465983778e+16, 6.107288626226809e+16, 5.0146096033229176e+16, 2.668260036911045e+16, 1.5432755031571146e+16, 5706485548361020.0, 2256658767411253.5, 549482730285991.56, 137316054436681.56, 20694422836296.47, 3264426356903.712, 291984801923.05426, 21046959406.35288, 1582478150.8536, 105498543.39024, 0.0, 753561.024216, 0.0]
illegal_per_turn = [0.0, 0.0, 0.0, 0.0, 0.0, 0.0, 900274.7989386667, 8025108.33852, 277824564.09435, 1881865873.08174, 30168978795.2577, 162280675662.62872, 1595114438444.381, 7007070954351.372, 46972503512693.445, 171523324287142.4, 829514601403765.1, 2533327850318512.5, 9147741077471752.0, 2.3295143979414468e+16, 6.4323938402357736e+16, 1.357393107917807e+17, 2.9180167560323104e+17, 5.0687737654233715e+17, 8.603349318245491e+17, 1.2237815509205133e+18, 1.657961748995736e+18, 1.9218925937308687e+18, 2.0901594127362363e+18, 1.962302867336647e+18, 1.7090791566881633e+18, 1.2840919274293135e+18, 8.838746056906423e+17, 5.201251544213458e+17, 2.7541430623380675e+17, 1.2241264234687338e+17, 4.760591619880034e+16, 1.5033521386149794e+16, 3956193794655849.0, 791238969928256.6, 118685861314020.0, 11303414609678.977, 538257874440.0]

nonterm_prop = [1.0, 1.0, 1.0, 1.0, 1.0, 0.9914190666666667, 0.9829909333333333, 0.9581512666666666, 0.9339806, 0.8878448, 0.8439258, 0.7758835333333334, 0.7133331333333334, 0.6293194666666667, 0.5551340666666666, 0.466029, 0.3910036, 0.3093711333333333, 0.2446544, 0.18076553333333334, 0.13336526666666668, 0.09100806666666666, 0.06193373333333333, 0.038566866666666665, 0.023888333333333334, 0.0132938, 0.007371733333333333, 0.003618866666666667, 0.0017592666666666667, 0.0007404666666666667, 0.0003043333333333333, 0.00010273333333333333, 3.5533333333333334e-05, 1.0533333333333333e-05, 3.5333333333333335e-06, 6.666666666666667e-07, 2e-07, 0.0, 0.0, 0.0, 0.0, 0.0, 0.0]
term_prop = [0.0, 0.0, 0.0, 0.0, 0.0, 0.008580933333333334, 0.008428133333333334, 0.03334973333333333, 0.032393066666666664, 0.07865953333333334, 0.07471313333333333, 0.14205786666666667, 0.130554, 0.21066573333333333, 0.18594486666666668, 0.2638372666666667, 0.2219118, 0.28142246666666665, 0.2233998, 0.2548076, 0.1890134, 0.1940182, 0.13297406666666667, 0.12233646666666667, 0.0766052, 0.06262213333333333, 0.035265533333333335, 0.025336533333333335, 0.012582733333333334, 0.007797466666666667, 0.0033268, 0.0017541333333333333, 0.0006212666666666666, 0.0002639333333333333, 7.513333333333333e-05, 2.6666666666666667e-05, 6.133333333333334e-06, 1.4e-06, 4e-07, 1.3333333333333334e-07, 0.0, 6.666666666666667e-08, 0.0]
illegal_prop = [0.0, 0.0, 0.0, 0.0, 0.0, 0.0, 0.008580933333333334, 0.008499, 0.033626333333333334, 0.03349566666666667, 0.08136106666666666, 0.0820586, 0.15611286666666666, 0.1600148, 0.25892106666666664, 0.27013373333333335, 0.3870846, 0.4092064, 0.5319458, 0.5644268666666666, 0.6776213333333333, 0.7149737333333334, 0.8050922, 0.8390966666666667, 0.8995064666666667, 0.9240840666666666, 0.9573627333333333, 0.9710446, 0.985658, 0.9914620666666667, 0.9963688666666667, 0.9981431333333334, 0.9993432, 0.9997255333333334, 0.9999213333333333, 0.9999726666666666, 0.9999936666666667, 0.9999986, 0.9999996, 0.9999998666666666, 1.0, 0.9999999333333334, 1.0]


Test for 6x7 k=4: 
15 runs and 1000000 samples 

non_term_estimates = [5.688743375651375e+18, 5.696784818711022e+18, 5.687325977671412e+18, 5.684561165212916e+18, 5.695488505962371e+18, 5.691425187153545e+18, 5.688907040323771e+18, 5.682055096606139e+18, 5.69497946920343e+18, 5.694680566249364e+18, 5.684045266172617e+18, 5.699848205022065e+18, 5.687774631542045e+18, 5.689433019827364e+18, 5.682471774668918e+18] 

Mean:5.689901606665224e+18 
Standard Error: 1417184660713385.0

term_estimates = [3.64925028823566e+18, 3.6493638853909484e+18, 3.6542142795660355e+18, 3.6510374481640356e+18, 3.649309169374907e+18, 3.6508353474139054e+18, 3.65203703118822e+18, 3.652088000396063e+18, 3.652317798550521e+18, 3.648861384302954e+18, 3.6539853220727014e+18, 3.6488189303794744e+18, 3.653363022000284e+18, 3.650749901357821e+18, 3.6542553039747236e+18] 

Mean:3.6513658074912164e+18 
Standard Error: 513773329395767.25

illegal_estimates = [6.944408430286089e+18, 6.936253390071155e+18, 6.940861836935681e+18, 6.946803480796176e+18, 6.937604418835851e+18, 6.940141559605679e+18, 6.941458022661137e+18, 6.948258997170926e+18, 6.935104826419174e+18, 6.938860143620809e+18, 6.944371505927808e+18, 6.933734958771588e+18, 6.941264440630798e+18, 6.942219172987945e+18, 6.945675015529486e+18] 

Mean:6.941134680016687e+18 
Standard Error: 1111919900371564.0


states_per_turn = [1, 42, 1722, 34440, 671580, 8506680, 104915720, 944241480, 8262112950, 56182368060, 370803629196, 1977619355712, 10217700004512, 43790142876480, 181416306202560, 634957071708960, 2142980117017740, 6190831449162360, 17196754025451000, 41272209661082400, 94926082220489520, 189852164440979040, 362445041205505440, 604075068675842400, 956452192070083800, 1324318419789346800, 1731801010493761200, 1979201154850012800, 2120572665910728000, 1979201154850012800, 1715307667536677760, 1286480750652508320, 884455516073599470, 520267950631529100, 275435973863750700, 122415988383889200, 47606217704845800, 15033542433109200, 3956195377134000, 791239075426800, 118685861314020, 11303415363240, 538257874440]

non_terminal_per_turn = [1.0, 42.0, 1722.0, 34440.0, 671580.0, 8506680.0, 104915720.0, 943655483.737512, 8251896571.93356, 55978706975.7825, 368568054115.57733, 1953981398918.336, 10035567458391.572, 42508384959085.42, 174058472033278.22, 597062875999840.8, 1974929902086666.8, 5526053777319857.0, 1.4867193448492744e+16, 3.4032956778783428e+16, 7.465366177307629e+16, 1.3963702635499786e+17, 2.4927897096792694e+17, 3.7924642272061414e+17, 5.4790822919786944e+17, 6.724603765790575e+17, 7.790061195579484e+17, 7.613973648033633e+17, 6.970992453810991e+17, 5.335508042298243e+17, 3.7868755893131635e+17, 2.216654361988963e+17, 1.186579623994234e+17, 5.136695656363196e+16, 1.9953261355425628e+16, 6096936462525494.0, 1622251690745254.5, 324835764769163.7, 54126555179079.58, 6294781588465.45, 548866721842.0626, 27765709498.262737, 718538378.519104]
term_per_turn = [0.0, 0.0, 0.0, 0.0, 0.0, 0.0, 0.0, 585996.262488, 5088910.769669999, 169034018.03652, 1119381995.8168848, 17651043797.471886, 90687536980.0464, 889792348507.2062, 3639815823444.029, 24885576198189.14, 82292293742915.97, 416616129592347.1, 1121551661435083.6, 4323420796395093.5, 9498278473360256.0, 2.8423501633494812e+16, 5.084910624091265e+16, 1.1899159300453483e+17, 1.725889287024704e+17, 3.160098324969751e+17, 3.6797457960392346e+17, 5.253880508802481e+17, 4.844690000556972e+17, 5.324103885243997e+17, 3.812050588180377e+17, 3.164542813261903e+17, 1.7146266903926656e+17, 1.044364032843805e+17, 4.121315424606438e+16, 1.7624148236969606e+16, 4785338918716936.0, 1340010795830539.5, 227721507117776.28, 36863248282145.96, 3259556845565.228, 227449584622.18793, 5749706498.626376]
illegal_per_turn = [0.0, 0.0, 0.0, 0.0, 0.0, 0.0, 0.0, 0.0, 5127467.29677, 34627066.18098, 1116193084.6057992, 5986912996.192128, 91445009140.38089, 391965568887.3725, 3718018345837.7456, 13008619510930.146, 85757921188157.05, 248161542250156.25, 1208008915523172.8, 2915832085903878.0, 1.0774141974052966e+16, 2.179163645248638e+16, 6.231696399666583e+16, 1.0583705295069347e+17, 2.3595503416974397e+17, 3.358482107133142e+17, 5.848203113318893e+17, 6.924157391664012e+17, 9.390044204739318e+17, 9.132399620957888e+17, 9.554150497873238e+17, 7.483610331274218e+17, 5.943348846349096e+17, 3.644645907835167e+17, 2.1426955826226067e+17, 9.86949036843941e+16, 4.119862709538361e+16, 1.3368695872509496e+16, 3674347314837144.0, 748081045556188.6, 114877437746612.72, 11048200069119.549, 531789629562.8545]

nonterm_prop = [1.0, 1.0, 1.0, 1.0, 1.0, 1.0, 1.0, 0.9993794, 0.9987634666666667, 0.996375, 0.993971, 0.9880472666666666, 0.9821748, 0.9707295333333333, 0.9594422666666667, 0.9403200666666667, 0.9215810666666666, 0.892619, 0.8645348666666667, 0.8245974, 0.7864399333333333, 0.735504, 0.6877704, 0.6278134, 0.5728548, 0.5077784666666667, 0.44982426666666664, 0.38469933333333334, 0.3287316, 0.2695788666666667, 0.22076946666666666, 0.17230373333333332, 0.13415933333333332, 0.09873173333333334, 0.07244246666666666, 0.04980506666666667, 0.034076466666666666, 0.0216074, 0.013681466666666666, 0.0079556, 0.004624533333333333, 0.0024564, 0.0013349333333333333]
term_prop = [0.0, 0.0, 0.0, 0.0, 0.0, 0.0, 0.0, 0.0006206, 0.0006159333333333333, 0.003008666666666667, 0.0030188, 0.0089254, 0.008875533333333333, 0.020319466666666668, 0.020063333333333332, 0.039192533333333335, 0.038400866666666665, 0.06729566666666667, 0.0652188, 0.1047538, 0.10005973333333333, 0.14971386666666667, 0.14029466666666668, 0.19698146666666666, 0.180447, 0.23862073333333333, 0.21248086666666666, 0.2654546, 0.2284614, 0.26900266666666667, 0.22223713333333334, 0.24598446666666668, 0.1938624, 0.2007358, 0.1496288, 0.14396933333333334, 0.1005192, 0.08913473333333333, 0.057560733333333336, 0.046589266666666664, 0.027463733333333334, 0.0201222, 0.010682066666666667]
illegal_prop = [0.0, 0.0, 0.0, 0.0, 0.0, 0.0, 0.0, 0.0, 0.0006206, 0.0006163333333333333, 0.0030102, 0.0030273333333333333, 0.008949666666666667, 0.008951, 0.0204944, 0.0204874, 0.040018066666666664, 0.040085333333333334, 0.07024633333333333, 0.0706488, 0.11350033333333333, 0.11478213333333333, 0.17193493333333335, 0.17520513333333335, 0.2466982, 0.2536008, 0.33769486666666665, 0.3498460666666667, 0.442807, 0.4614184666666667, 0.5569934, 0.5817118, 0.6719782666666667, 0.7005324666666667, 0.7779287333333333, 0.8062256, 0.8654043333333333, 0.8892578666666666, 0.9287578, 0.9454551333333333, 0.9679117333333334, 0.9774214, 0.987983]


Test for 6x7 k=5: 
15 runs and 1000000 samples 

non_term_estimates = [1.330212796358782e+19, 1.3295138889263415e+19, 1.3299888346148678e+19, 1.3293795068722459e+19, 1.3286481106014685e+19, 1.3294401693654665e+19, 1.3297472391176018e+19, 1.3305513530471533e+19, 1.330636397881808e+19, 1.3300201466681108e+19, 1.3297517040341043e+19, 1.3305110802681926e+19, 1.3293459140977158e+19, 1.3298729790162217e+19, 1.3298369376248775e+19] 

Mean:1.3298304705663306e+19 
Standard Error: 1370319195947769.0

term_estimates = [1.5208532184105134e+18, 1.52429095171229e+18, 1.522608961174631e+18, 1.5245170667864668e+18, 1.52914188166604e+18, 1.5246328246780234e+18, 1.5234399966839928e+18, 1.5194984055220733e+18, 1.5191169654511782e+18, 1.5217054041304404e+18, 1.522181005795766e+18, 1.519128898398574e+18, 1.525554352529453e+18, 1.5226244869416543e+18, 1.5224365324831002e+18] 

Mean:1.5227820634909466e+18 
Standard Error: 690941769013354.6

illegal_estimates = [1.4594209121747948e+18, 1.46297225319742e+18, 1.4599047868498191e+18, 1.464089958664204e+18, 1.466779106492403e+18, 1.4633675758404393e+18, 1.4614897063131164e+18, 1.4573901581795261e+18, 1.4569211499038674e+18, 1.460495223361577e+18, 1.462704048036318e+18, 1.4581623930926241e+18, 1.4633886006665167e+18, 1.461047817069255e+18, 1.4615961854412536e+18] 

Mean:1.4613153250188756e+18 
Standard Error: 696331180764029.2


states_per_turn = [1, 42, 1722, 34440, 671580, 8506680, 104915720, 944241480, 8262112950, 56182368060, 370803629196, 1977619355712, 10217700004512, 43790142876480, 181416306202560, 634957071708960, 2142980117017740, 6190831449162360, 17196754025451000, 41272209661082400, 94926082220489520, 189852164440979040, 362445041205505440, 604075068675842400, 956452192070083800, 1324318419789346800, 1731801010493761200, 1979201154850012800, 2120572665910728000, 1979201154850012800, 1715307667536677760, 1286480750652508320, 884455516073599470, 520267950631529100, 275435973863750700, 122415988383889200, 47606217704845800, 15033542433109200, 3956195377134000, 791239075426800, 118685861314020, 11303415363240, 538257874440]

non_terminal_per_turn = [1.0, 42.0, 1722.0, 34440.0, 671580.0, 8506680.0, 104915720.0, 944241480.0, 8262112950.0, 56179405376.457634, 370764694814.9344, 1976904644076.8457, 10211356175169.197, 43730252557739.266, 181032707470304.88, 632524805150071.6, 2131100578171722.5, 6135777623251249.0, 1.6985533174457994e+16, 4.052020248625104e+16, 9.263671825355058e+16, 1.834505266513827e+17, 3.4677187861466125e+17, 5.6915252243558214e+17, 8.874303935006615e+17, 1.201159543673672e+18, 1.5353180259539825e+18, 1.698384310142017e+18, 1.7613411532159416e+18, 1.571482682175806e+18, 1.30161022169556e+18, 9.180521324076566e+17, 5.935566227444658e+17, 3.218595361455303e+17, 1.570455128418773e+17, 6.276629259661027e+16, 2.1946136292157828e+16, 6045062580065375.0, 1387827272132362.2, 233342522258879.94, 29401344220545.043, 2250378879202.8706, 86071919605.24301]
term_per_turn = [0.0, 0.0, 0.0, 0.0, 0.0, 0.0, 0.0, 0.0, 0.0, 2962683.542364, 19380669.6859776, 611348063.4957696, 3184516501.4062405, 46227794163.27071, 191974735223.549, 1759423715234.0808, 5934626270727.795, 37863125143076.99, 105766915958133.83, 496636753293736.75, 1139960992980377.2, 4093275949402322.0, 7761808883421392.0, 2.16870601272164e+16, 3.38865910572073e+16, 7.433699469119422e+16, 9.53241002876116e+16, 1.6455790913838752e+17, 1.7100340389357427e+17, 2.3076654201066112e+17, 1.9181325073768848e+17, 2.0006027847243808e+17, 1.297109440200941e+17, 1.0217580435435646e+17, 5.001891578008152e+16, 2.865081735704378e+16, 1.0055439257330928e+16, 3936917944795931.5, 907348398564871.9, 215991757069475.84, 27422494854856.39, 2968315305999.059, 114704547236.0788]
illegal_per_turn = [0.0, 0.0, 0.0, 0.0, 0.0, 0.0, 0.0, 0.0, 0.0, 0.0, 19553711.3796024, 103363571.6585472, 3159312841.39511, 13662524577.46176, 191623997031.55737, 672842843654.2612, 5944912575289.4795, 17190700768034.041, 105453935034870.62, 255370421537625.3, 1149402973958575.2, 2308361840194013.0, 7911353707422783.0, 1.3235486113043934e+16, 3.5135207512215056e+16, 4.882188142448079e+16, 1.0115888425216718e+17, 1.1625893556960803e+17, 1.882281088012118e+17, 1.769519306635456e+17, 2.2188419510342947e+17, 1.683683397724138e+17, 1.6118794930903958e+17, 9.623261013164229e+16, 6.8371545241791864e+16, 3.0998878430235156e+16, 1.5604642155357046e+16, 5051561908247894.0, 1661019706436766.0, 341904796098444.25, 61862022238618.57, 6084721178038.07, 337481407598.6782]

nonterm_prop = [1.0, 1.0, 1.0, 1.0, 1.0, 1.0, 1.0, 1.0, 1.0, 0.9999472666666667, 0.999895, 0.9996386, 0.9993791333333333, 0.9986323333333333, 0.9978855333333333, 0.9961694, 0.9944565333333333, 0.9911072, 0.9877174, 0.9817793333333333, 0.9758826666666667, 0.9662809333333333, 0.9567571333333333, 0.9421884, 0.9278356, 0.9070020666666667, 0.8865441333333334, 0.8581160666666666, 0.8305969333333333, 0.7939984666666666, 0.7588202666666667, 0.7136151333333334, 0.6710983333333334, 0.6186418666666667, 0.5701706666666667, 0.5127295333333334, 0.4609930666666667, 0.402105, 0.35079846666666664, 0.2949077333333333, 0.24772406666666666, 0.1990884, 0.15990833333333335]
term_prop = [0.0, 0.0, 0.0, 0.0, 0.0, 0.0, 0.0, 0.0, 0.0, 5.273333333333333e-05, 5.2266666666666665e-05, 0.00030913333333333333, 0.0003116666666666667, 0.0010556666666666666, 0.0010582, 0.0027709333333333333, 0.0027693333333333333, 0.006116, 0.0061504, 0.0120332, 0.012008933333333333, 0.021560333333333334, 0.021415133333333333, 0.03590126666666667, 0.035429466666666666, 0.056132266666666666, 0.05504333333333333, 0.0831436, 0.0806402, 0.1165958, 0.1118244, 0.15550973333333334, 0.14665626666666667, 0.19639073333333334, 0.18159906666666667, 0.23404473333333334, 0.21122113333333334, 0.2618756, 0.22934873333333333, 0.27297913333333335, 0.23105106666666667, 0.2626034, 0.21310333333333334]
illegal_prop = [0.0, 0.0, 0.0, 0.0, 0.0, 0.0, 0.0, 0.0, 0.0, 0.0, 5.273333333333333e-05, 5.2266666666666665e-05, 0.0003092, 0.000312, 0.0010562666666666667, 0.0010596666666666667, 0.0027741333333333334, 0.0027768, 0.0061322, 0.006187466666666666, 0.0121084, 0.012158733333333333, 0.02182773333333333, 0.021910333333333334, 0.03673493333333333, 0.036865666666666665, 0.058412533333333336, 0.05874033333333333, 0.08876286666666666, 0.08940573333333333, 0.12935533333333332, 0.13087513333333334, 0.1822454, 0.1849674, 0.24823026666666667, 0.2532257333333333, 0.3277858, 0.3360194, 0.4198528, 0.43211313333333334, 0.5212248666666667, 0.5383082, 0.6269883333333334]


Test for 6x7 k=6: 
15 runs and 1000000 samples 

non_term_estimates = [1.5792483508665639e+19, 1.578951916522386e+19, 1.5784678327220916e+19, 1.5790515167099816e+19, 1.5789443636423883e+19, 1.5786435468349336e+19, 1.5788498010540964e+19, 1.5787834159696548e+19, 1.5790205830747783e+19, 1.578575774466064e+19, 1.57901742878448e+19, 1.5789839763625636e+19, 1.5788298108554533e+19, 1.5785238922781469e+19, 1.5789534244022114e+19] 

Mean:1.5788563756363864e+19 
Standard Error: 568545805138221.8

term_estimates = [2.7152445536259037e+17, 2.73013472173704e+17, 2.7557233710327702e+17, 2.7260101847177024e+17, 2.731924787444997e+17, 2.7452377738334067e+17, 2.7351378401646778e+17, 2.7382634023043574e+17, 2.7265968692815174e+17, 2.750168069693423e+17, 2.7279986196646122e+17, 2.728593971561574e+17, 2.73706823136443e+17, 2.752692329813369e+17, 2.7290359428830096e+17] 

Mean:2.7353220446081862e+17 
Standard Error: 292054389277701.3

illegal_estimates = [2.1839413014489827e+17, 2.1986945677556374e+17, 2.2215142984893488e+17, 2.1928590860154182e+17, 2.1976597900474518e+17, 2.2144284844045184e+17, 2.203902996156946e+17, 2.2074159424614422e+17, 2.1953657649718954e+17, 2.21627542543143e+17, 2.1942794436186515e+17, 2.1970293339133376e+17, 2.2039716248215014e+17, 2.218939384103257e+17, 2.1996425586271488e+17] 

Mean:2.203061333484464e+17 
Standard Error: 277683581338919.78


states_per_turn = [1, 42, 1722, 34440, 671580, 8506680, 104915720, 944241480, 8262112950, 56182368060, 370803629196, 1977619355712, 10217700004512, 43790142876480, 181416306202560, 634957071708960, 2142980117017740, 6190831449162360, 17196754025451000, 41272209661082400, 94926082220489520, 189852164440979040, 362445041205505440, 604075068675842400, 956452192070083800, 1324318419789346800, 1731801010493761200, 1979201154850012800, 2120572665910728000, 1979201154850012800, 1715307667536677760, 1286480750652508320, 884455516073599470, 520267950631529100, 275435973863750700, 122415988383889200, 47606217704845800, 15033542433109200, 3956195377134000, 791239075426800, 118685861314020, 11303415363240, 538257874440]

non_terminal_per_turn = [1.0, 42.0, 1722.0, 34440.0, 671580.0, 8506680.0, 104915720.0, 944241480.0, 8262112950.0, 56182368060.0, 370803629196.0, 1977612236282.3193, 10217614857011.96, 43788522641193.57, 181404985825052.97, 634858780354259.5, 2142453229639635.8, 6187806608916300.0, 1.718426344977718e+16, 4.122004709103208e+16, 9.475586076985173e+16, 1.8931179455373616e+17, 3.6103092563273805e+17, 6.005460218529669e+17, 9.490298680057021e+17, 1.3097308758195779e+18, 1.7071069135249285e+18, 1.9406684834064689e+18, 2.068292067405365e+18, 1.914706510177839e+18, 1.6458358773399304e+18, 1.2193397491028708e+18, 8.281126925509565e+17, 4.785350731859815e+17, 2.4886244361492547e+17, 1.0785191341388114e+17, 4.090009802540006e+16, 1.247138080741521e+16, 3169102394462436.5, 604343025385276.9, 86439427100399.8, 7723012579711.254, 345112038297.606]
term_per_turn = [0.0, 0.0, 0.0, 0.0, 0.0, 0.0, 0.0, 0.0, 0.0, 0.0, 0.0, 7119429.680563199, 48363780.0213568, 1412961943.481088, 5466678026.903808, 79157981606.38368, 259729190182.5501, 2274511474422.251, 6170195344331.818, 37343095301347.35, 84294361011794.69, 371578656243884.2, 704061574043067.8, 2353033479177386.5, 3688653523937485.5, 9457664138872946.0, 1.2270156519550398e+16, 2.4396557061886856e+16, 2.5936017419198812e+16, 3.996363387850049e+16, 3.4373507765145496e+16, 4.078023908031724e+16, 2.7673080041715068e+16, 2.485358153149861e+16, 1.2932912528789838e+16, 8484186974131501.0, 3217091721336058.5, 1456140902181659.5, 369948840896611.4, 103022439827599.36, 14724175867008.074, 1899491477447.9563, 84730796285.2883]
illegal_per_turn = [0.0, 0.0, 0.0, 0.0, 0.0, 0.0, 0.0, 0.0, 0.0, 0.0, 0.0, 0.0, 36783720.0162432, 207273342.948672, 5853699480.135936, 19133373094.163326, 267158187921.54492, 750328771638.478, 6320380329487.425, 14819474748972.652, 85927089625987.11, 168791230998993.1, 710053998724332.1, 1176013343698130.0, 3733670540444251.0, 5129879830896014.0, 1.2423940449282244e+16, 1.4136114381657074e+16, 2.6344581086164276e+16, 2.4531010793672996e+16, 3.509828243160199e+16, 2.6360762469320292e+16, 2.8669743480927868e+16, 1.6879295914048992e+16, 1.3640617720035358e+16, 6079887995876565.0, 3489027958109678.5, 1106020723512330.5, 417144141774952.2, 83873610213923.69, 17522258346612.13, 1680911306080.7908, 108415039857.1057]

nonterm_prop = [1.0, 1.0, 1.0, 1.0, 1.0, 1.0, 1.0, 1.0, 1.0, 1.0, 1.0, 0.9999964, 0.9999916666666666, 0.999963, 0.9999376, 0.9998452, 0.9997541333333333, 0.9995114, 0.9992736666666666, 0.9987361333333333, 0.9982068, 0.9971537333333333, 0.9960984, 0.9941579333333334, 0.9922397333333334, 0.9889848666666666, 0.9857408, 0.9805312, 0.975346, 0.9674138, 0.9594989333333334, 0.9478103333333333, 0.9362966, 0.9197858, 0.9035219333333333, 0.881028, 0.8591335333333333, 0.8295703333333333, 0.801048, 0.7637932, 0.7283043333333333, 0.6832459333333334, 0.6411648666666667]
term_prop = [0.0, 0.0, 0.0, 0.0, 0.0, 0.0, 0.0, 0.0, 0.0, 0.0, 0.0, 3.6e-06, 4.7333333333333335e-06, 3.226666666666667e-05, 3.013333333333333e-05, 0.00012466666666666667, 0.0001212, 0.0003674, 0.0003588, 0.0009048, 0.000888, 0.0019572, 0.0019425333333333334, 0.003895266666666667, 0.0038566, 0.007141533333333333, 0.0070852, 0.012326466666666668, 0.012230666666666667, 0.0201918, 0.020039266666666666, 0.031699066666666664, 0.03128826666666667, 0.047770733333333336, 0.046954333333333334, 0.0693062, 0.06757713333333333, 0.09685946666666667, 0.09351126666666666, 0.13020393333333333, 0.12406006666666666, 0.1680458, 0.15741673333333334]
illegal_prop = [0.0, 0.0, 0.0, 0.0, 0.0, 0.0, 0.0, 0.0, 0.0, 0.0, 0.0, 0.0, 3.6e-06, 4.7333333333333335e-06, 3.226666666666667e-05, 3.013333333333333e-05, 0.00012466666666666667, 0.0001212, 0.00036753333333333334, 0.00035906666666666665, 0.0009052, 0.0008890666666666666, 0.0019590666666666665, 0.0019468, 0.003903666666666667, 0.0038736, 0.007174, 0.007142333333333333, 0.012423333333333333, 0.0123944, 0.0204618, 0.0204906, 0.03241513333333333, 0.032443466666666664, 0.049523733333333333, 0.0496658, 0.07328933333333333, 0.0735702, 0.10544073333333333, 0.10600286666666667, 0.1476356, 0.14870826666666667, 0.2014184]


Test for 7x7 k=3: 
15 runs and 1000000 samples 

non_term_estimates = [1.1236291818627934e+20, 1.124206414942145e+20, 1.1239276244652643e+20, 1.1264354612291186e+20, 1.1120498365487381e+20, 1.1183883879152463e+20, 1.0988977391082363e+20, 1.1237772447368099e+20, 1.1306846530463996e+20, 1.1032279785837856e+20, 1.1123346285828555e+20, 1.1283751602388084e+20, 1.1274267004094497e+20, 1.118098975231384e+20, 1.1176985357540206e+20] 

Mean:1.1192772348436701e+20 
Standard Error: 2.3841501217476243e+17

term_estimates = [4.486720937620506e+20, 4.486232647561886e+20, 4.4897608553371265e+20, 4.509113635579368e+20, 4.459465384523111e+20, 4.473644090101369e+20, 4.478364893935312e+20, 4.47987940067491e+20, 4.481619381493022e+20, 4.471092897486611e+20, 4.4705870885727116e+20, 4.50095469664515e+20, 4.48499654026575e+20, 4.4915678165872306e+20, 4.4932859910592745e+20] 

Mean:4.483819083829556e+20 
Standard Error: 3.249782798586731e+17

illegal_estimates = [3.2468571963762663e+22, 3.2468563069460583e+22, 3.2468238127730757e+22, 3.246605206603014e+22, 3.24724554536038e+22, 3.247040372790933e+22, 3.2471880712406635e+22, 3.2469241311169826e+22, 3.2468376572257053e+22, 3.2472174888103954e+22, 3.2471314803995443e+22, 3.2466673990022587e+22, 3.2468364651643472e+22, 3.2468640296529125e+22, 3.2468508523029663e+22] 

Mean:3.2469297343843673e+22 
Standard Error: 5.0046575427532646e+17


states_per_turn = [1, 49, 2352, 55272, 1271256, 19068840, 279676320, 3006520440, 31568464620, 258861409884, 2070891279072, 13460793313968, 85251690988464, 450616080939024, 2317454130543552, 10138861821128040, 43090162739794170, 157997263379245290, 561768047570649920, 1741480947469014752, 5224442842407044256, 13773531129982207584, 35059897421772892032, 78884769198989007072, 170916999931142848656, 328686538329120862800, 606805916915300054400, 996895434932278660800, 1566549969179295038400, 2193169956851013053760, 2924226609134684071680, 3472519098347437335120, 3906583985640867002010, 3906583985640867002010, 3676784927661992472480, 3063987439718327060400, 2383101342003143269200, 1630543023475834868400, 1029816646405790443200, 566399155523184743760, 283199577761592371880, 121371247612111016520, 46236665756994672960, 14711666377225577760, 4012272648334248480, 872233184420488800, 151692727725302400, 18961590965662800, 1580132580471900, 63205303218876]

non_terminal_per_turn = [1.0, 49.0, 2352.0, 55272.0, 1271256.0, 18944568.36972, 276036985.27328, 2910178496.84716, 29969978577.451836, 236429015083.69965, 1820051259468.3574, 11099468644927.78, 65954260302466.94, 317016013331835.25, 1482765089075028.0, 5682053386154404.0, 2.114301855208213e+16, 6.498511707995494e+16, 1.9357126244285987e+17, 4.778861722251131e+17, 1.1407929691470959e+18, 2.2605670231771999e+18, 4.322738100535426e+18, 6.839209568844695e+18, 1.041175088480543e+19, 1.3049534857178644e+19, 1.5675576797945151e+19, 1.5381099665570128e+19, 1.4421763452929202e+19, 1.0965703572924609e+19, 7.952726686202686e+18, 4.5844197136382874e+18, 2.4752116133020534e+18, 1.0792589357663835e+18, 4.245460996473714e+17, 1.3154719407857349e+17, 3.638201382124798e+16, 7935309380915730.0, 1510397748061826.0, 302079549612365.2, 0.0, 0.0, 0.0, 0.0, 0.0, 0.0, 0.0, 0.0, 0.0, 0.0]
term_per_turn = [0.0, 0.0, 0.0, 0.0, 0.0, 124271.63028, 1816684.14928, 76684911.646728, 788201424.6321601, 15801987677.240873, 121131124933.15384, 1515724812146.5178, 8986181826481.684, 78119344530886.33, 364807294855542.5, 2332113959131015.5, 8682153582793163.0, 4.204134434847089e+16, 1.2547138029054589e+17, 4.690031101095333e+17, 1.1226589280411012e+18, 3.2673533817127444e+18, 6.265306511636586e+18, 1.4264133290007267e+19, 2.1796999423352e+19, 3.873816273490641e+19, 4.681333697972024e+19, 6.4603077604134035e+19, 6.0949968524188066e+19, 6.460435363029075e+19, 4.6971267177208594e+19, 3.763724549934853e+19, 2.0584572337138856e+19, 1.2177343161107335e+19, 4.990867860808389e+18, 2.1262030173352044e+18, 6.016536521443935e+17, 1.787075153729515e+17, 3.2816823798797856e+16, 7061109472189037.0, 736318902180140.2, 89005581582214.75, 9247333151398.934, 980777758481.7052, 0.0, 0.0, 0.0, 0.0, 0.0, 0.0]
illegal_per_turn = [0.0, 0.0, 0.0, 0.0, 0.0, 0.0, 1822650.5774400001, 19657031.506111998, 810284617.916004, 6630407123.059473, 129708894670.48868, 845599856893.7024, 10311248859515.379, 55480723076302.45, 469881746612981.4, 2124694475842620.8, 1.3264990604918876e+16, 5.097080195081945e+16, 2.4272540483724416e+17, 7.945916651343684e+17, 2.960990945218847e+18, 8.245610725092264e+18, 2.4471852809600877e+19, 5.778142634013703e+19, 1.3870824962298544e+20, 2.7689884073703578e+20, 5.443170031376346e+20, 9.169112576625746e+20, 1.491178237202178e+21, 2.117599899647798e+21, 2.8693026152712723e+21, 3.4302974331344503e+21, 3.883524201690426e+21, 3.8933273835439936e+21, 3.6713695137015367e+21, 3.061729689506913e+21, 2.3824633063371776e+21, 1.630356380651081e+21, 1.0297823191842436e+21, 5.6639179233416295e+20, 2.831988414426902e+20, 1.2137115860652943e+20, 4.623665650966152e+19, 1.471166539644782e+19, 4.0122726483342484e+18, 8.722331844204888e+17, 1.516927277253024e+17, 1.89615909656628e+16, 1580132580471900.0, 63205303218876.0]

nonterm_prop = [1.0, 1.0, 1.0, 1.0, 1.0, 0.993483, 0.9869873333333333, 0.9679556666666667, 0.9493644666666666, 0.9133420666666666, 0.8788734, 0.8245776, 0.7736416666666667, 0.7035168666666667, 0.639825, 0.5604232, 0.49066926666666666, 0.41130533333333336, 0.34457506666666665, 0.27441366666666667, 0.21835686666666668, 0.164124, 0.1232958, 0.08669873333333333, 0.060917, 0.03970206666666667, 0.025832933333333332, 0.015429, 0.009206066666666667, 0.004999933333333333, 0.0027196, 0.0013202, 0.0006336, 0.00027626666666666664, 0.00011546666666666666, 4.293333333333333e-05, 1.5266666666666667e-05, 4.866666666666667e-06, 1.4666666666666667e-06, 5.333333333333333e-07, 0.0, 0.0, 0.0, 0.0, 0.0, 0.0, 0.0, 0.0, 0.0, 0.0]
term_prop = [0.0, 0.0, 0.0, 0.0, 0.0, 0.006517, 0.006495666666666667, 0.0255062, 0.024968, 0.0610442, 0.05849226666666667, 0.11260293333333334, 0.10540766666666666, 0.1733612, 0.15741726666666667, 0.23001733333333332, 0.20148806666666666, 0.26608906666666665, 0.22335086666666668, 0.2693128, 0.21488586666666668, 0.23721973333333332, 0.17870293333333334, 0.1808224, 0.12752973333333334, 0.11785746666666666, 0.07714713333333334, 0.06480426666666667, 0.03890713333333334, 0.029457066666666667, 0.0160628, 0.0108386, 0.0052692, 0.0031171333333333334, 0.0013574, 0.0006939333333333334, 0.00025246666666666666, 0.0001096, 3.1866666666666664e-05, 1.2466666666666667e-05, 2.6e-06, 7.333333333333333e-07, 2e-07, 6.666666666666667e-08, 0.0, 0.0, 0.0, 0.0, 0.0, 0.0]
illegal_prop = [0.0, 0.0, 0.0, 0.0, 0.0, 0.0, 0.006517, 0.006538133333333333, 0.025667533333333332, 0.025613733333333333, 0.06263433333333333, 0.06281946666666667, 0.12095066666666666, 0.12312193333333334, 0.20275773333333333, 0.20955946666666667, 0.30784266666666665, 0.3226056, 0.43207406666666665, 0.4562735333333333, 0.5667572666666667, 0.5986562666666667, 0.6980012666666666, 0.7324788666666666, 0.8115532666666667, 0.8424404666666667, 0.8970199333333333, 0.9197667333333334, 0.9518868, 0.965543, 0.9812176, 0.9878412, 0.9940972, 0.9966066, 0.9985271333333333, 0.9992631333333334, 0.9997322666666667, 0.9998855333333333, 0.9999666666666667, 0.999987, 0.9999974, 0.9999992666666667, 0.9999998, 0.9999999333333334, 1.0, 1.0, 1.0, 1.0, 1.0, 1.0]


Test for 7x7 k=4: 
15 runs and 1000000 samples 

non_term_estimates = [8.512132165794048e+21, 8.521258713986649e+21, 8.523926934880208e+21, 8.528729796724328e+21, 8.505615351477296e+21, 8.517262713744546e+21, 8.50409913535223e+21, 8.520947348050456e+21, 8.522504905667441e+21, 8.523214771522658e+21, 8.513797106245695e+21, 8.527301297740187e+21, 8.496167765664395e+21, 8.525854520194746e+21, 8.51857116734168e+21] 

Mean:8.51742557962577e+21 
Standard Error: 2.426574172773341e+18

term_estimates = [7.094214015845281e+21, 7.087744843618463e+21, 7.087708736809354e+21, 7.08077865402164e+21, 7.090557493452729e+21, 7.097350514675244e+21, 7.084722695795414e+21, 7.096696978891509e+21, 7.093010142695577e+21, 7.086979233882672e+21, 7.086354803779839e+21, 7.090958063130898e+21, 7.09715958567266e+21, 7.090114920210659e+21, 7.098997434682446e+21] 

Mean:7.090889874477625e+21 
Standard Error: 1.3678397681106708e+18

illegal_estimates = [1.7423260794071661e+22, 1.7420603418105874e+22, 1.7417971304021428e+22, 1.7420098524965019e+22, 1.7433434130780963e+22, 1.741499374729119e+22, 1.744078514456334e+22, 1.7411962648769023e+22, 1.7414091927347972e+22, 1.7419412970305653e+22, 1.7429455065685451e+22, 1.74113476148399e+22, 1.7436279624373929e+22, 1.7413637535305585e+22, 1.741203837368686e+22] 

Mean:1.742129152160759e+22 
Standard Error: 2.4501390174684733e+18


states_per_turn = [1, 49, 2352, 55272, 1271256, 19068840, 279676320, 3006520440, 31568464620, 258861409884, 2070891279072, 13460793313968, 85251690988464, 450616080939024, 2317454130543552, 10138861821128040, 43090162739794170, 157997263379245290, 561768047570649920, 1741480947469014752, 5224442842407044256, 13773531129982207584, 35059897421772892032, 78884769198989007072, 170916999931142848656, 328686538329120862800, 606805916915300054400, 996895434932278660800, 1566549969179295038400, 2193169956851013053760, 2924226609134684071680, 3472519098347437335120, 3906583985640867002010, 3906583985640867002010, 3676784927661992472480, 3063987439718327060400, 2383101342003143269200, 1630543023475834868400, 1029816646405790443200, 566399155523184743760, 283199577761592371880, 121371247612111016520, 46236665756994672960, 14711666377225577760, 4012272648334248480, 872233184420488800, 151692727725302400, 18961590965662800, 1580132580471900, 63205303218876]

non_terminal_per_turn = [1.0, 49.0, 2352.0, 55272.0, 1271256.0, 19068840.0, 279676320.0, 3005239060.988472, 31541961841.669357, 258225249340.4964, 2062416777779.7815, 13352048051715.557, 84223504444128.53, 441678471466463.2, 2253626654383179.5, 9726698162223786.0, 4.077929763828684e+16, 1.4635029497937728e+17, 5.092567793239834e+17, 1.5292689553570936e+18, 4.443577762298086e+18, 1.1198570403467442e+19, 2.7248895863196623e+19, 5.7670687901135495e+19, 1.1750377386052806e+20, 2.084344646875667e+20, 3.5486430739975805e+20, 5.252721133696014e+20, 7.435183484151632e+20, 9.123867746254692e+20, 1.0655263777130058e+21, 1.0741064119282556e+21, 1.0251196718208457e+21, 8.384073550553967e+20, 6.443781290443398e+20, 4.209973893946896e+20, 2.5630286707928367e+20, 1.3087379653339616e+20, 6.1543971076945945e+19, 2.3876782960742064e+19, 8.397056280349722e+18, 2.3791596527751373e+18, 5.973992986910578e+17, 1.1715782636167362e+17, 1.9666823097918376e+16, 2437135815028768.5, 241767869448586.97, 15956810850637.436, 712955820308.9213, 14330749083.159819]
term_per_turn = [0.0, 0.0, 0.0, 0.0, 0.0, 0.0, 0.0, 1281379.011528, 13048298.7096, 529095464.3755705, 4239804745.353408, 81121919599.73862, 513283381103.34406, 6207987541736.62, 31702927002777.83, 271468025260703.28, 1140794822470954.8, 7341690436896066.0, 2.563875663029592e+16, 1.2835689812177221e+17, 3.74454974805735e+17, 1.4918405402214502e+18, 3.640958660618641e+18, 1.169733859793366e+19, 2.392129263209619e+19, 6.234526259026764e+19, 1.0653646984181349e+20, 2.262161766917893e+20, 3.21501901371356e+20, 5.550783032705808e+20, 6.518672310692195e+20, 9.09382375470134e+20, 8.734697276433206e+20, 9.773859034170972e+20, 7.581721713655267e+20, 6.701191777634037e+20, 4.1218104923944085e+20, 2.8298487243322393e+20, 1.347482127689292e+20, 6.9983902057007686e+19, 2.498528274801649e+19, 9.467499438650659e+18, 2.415847291136669e+18, 6.327615209953324e+17, 1.0739355964468738e+17, 1.7745118946003156e+16, 1773075617289969.8, 154266447672375.03, 6769287974741.619, 171956347937.27405]
illegal_per_turn = [0.0, 0.0, 0.0, 0.0, 0.0, 0.0, 0.0, 0.0, 13454479.621044, 107065079.1280224, 4234696546.8650303, 27623342652.7042, 514903163232.1248, 2729621930824.1694, 32124549157594.715, 140695633643550.98, 1170070279036371.0, 4305277962971946.5, 2.687251161637058e+16, 8.385509399014902e+16, 4.064101053032229e+17, 1.0831201862933148e+18, 4.170042897957626e+18, 9.516742699919845e+18, 2.9491933438518616e+19, 5.790681105128653e+19, 1.4540513967372847e+20, 2.4540714487088795e+20, 5.01529719392776e+20, 7.257048789549631e+20, 1.2068330003524587e+21, 1.4890303109490478e+21, 2.0079945861767008e+21, 2.0907907271683733e+21, 2.274234627252126e+21, 1.9728708725602333e+21, 1.7146174256844185e+21, 1.2166843545092146e+21, 8.335244625599154e+20, 4.7253847050543504e+20, 2.4981723873322615e+20, 1.095245885206852e+20, 4.322341916716695e+19, 1.3961747029868573e+19, 3.8852122655916426e+18, 8.520509296594569e+17, 1.4967788423856384e+17, 1.8791367707139788e+16, 1572650336676849.5, 63019016121855.57]

nonterm_prop = [1.0, 1.0, 1.0, 1.0, 1.0, 1.0, 1.0, 0.9995738, 0.9991604666666667, 0.9975424666666667, 0.9959078, 0.9919213333333333, 0.9879394, 0.9801658, 0.9724579333333333, 0.9593481333333334, 0.9463714, 0.9262837333333334, 0.906525, 0.8781428, 0.8505362, 0.8130500666666667, 0.7772098, 0.7310750666666667, 0.6874902666666667, 0.6341436, 0.5848069333333333, 0.5269079333333333, 0.47462153333333335, 0.4160128, 0.3643788666666667, 0.3093162, 0.2624082, 0.21461393333333334, 0.17525586666666668, 0.1374018, 0.10755013333333334, 0.08026393333333333, 0.05976206666666667, 0.0421554, 0.029650666666666665, 0.019602333333333333, 0.012920466666666667, 0.0079636, 0.004901666666666667, 0.0027941333333333335, 0.0015938, 0.0008415333333333334, 0.0004512, 0.00022673333333333333]
term_prop = [0.0, 0.0, 0.0, 0.0, 0.0, 0.0, 0.0, 0.0004262, 0.0004133333333333333, 0.0020439333333333335, 0.0020473333333333333, 0.006026533333333334, 0.0060208, 0.013776666666666666, 0.013680066666666667, 0.026775, 0.0264746, 0.0464672, 0.0456394, 0.0737056, 0.07167366666666666, 0.10831213333333334, 0.10384966666666667, 0.14828386666666668, 0.13995853333333333, 0.18968, 0.17556926666666667, 0.22692066666666666, 0.20522926666666666, 0.2530940666666667, 0.22291953333333334, 0.2618797333333333, 0.22358913333333333, 0.2501894, 0.2062052, 0.2187082, 0.17295993333333334, 0.17355253333333334, 0.1308468, 0.12355933333333333, 0.088225, 0.07800446666666666, 0.0522496, 0.04301086666666667, 0.026766266666666667, 0.02034446666666667, 0.0116886, 0.008135733333333334, 0.004284, 0.0027206]
illegal_prop = [0.0, 0.0, 0.0, 0.0, 0.0, 0.0, 0.0, 0.0, 0.0004262, 0.0004136, 0.0020448666666666665, 0.0020521333333333334, 0.0060398, 0.0060575333333333335, 0.013862, 0.013876866666666666, 0.027154, 0.027249066666666665, 0.0478356, 0.0481516, 0.07779013333333333, 0.0786378, 0.11894053333333333, 0.12064106666666667, 0.1725512, 0.1761764, 0.2396238, 0.2461714, 0.3201492, 0.3308931333333333, 0.4127016, 0.42880406666666665, 0.5140026666666667, 0.5351966666666667, 0.6185389333333333, 0.64389, 0.7194899333333333, 0.7461835333333333, 0.8093911333333333, 0.8342852666666667, 0.8821243333333333, 0.9023932, 0.9348299333333333, 0.9490255333333333, 0.9683320666666667, 0.9768614, 0.9867176, 0.9910227333333333, 0.9952648, 0.9970526666666667]


Test for 7x7 k=5: 
15 runs and 1000000 samples 

non_term_estimates = [2.482411369247967e+22, 2.4848767009135975e+22, 2.4839189695967967e+22, 2.4808420506213758e+22, 2.483649707006889e+22, 2.4842450113784822e+22, 2.483343384072822e+22, 2.4832712703638506e+22, 2.4832231253230133e+22, 2.4853607071064036e+22, 2.484194984233378e+22, 2.483969018936814e+22, 2.4856613542177416e+22, 2.4834235097602834e+22, 2.4844324298553127e+22] 

Mean:2.4837882395089816e+22 
Standard Error: 3.0486002313208166e+18

term_estimates = [3.995311850445161e+21, 3.9817107542324266e+21, 3.9886049096334825e+21, 4.0060339451643387e+21, 3.988405512569389e+21, 3.987249447431682e+21, 3.9927532811639765e+21, 3.99146818223466e+21, 3.9896092887029457e+21, 3.981746666171175e+21, 3.989775472152504e+21, 3.989008943740566e+21, 3.975561969498106e+21, 3.990978349023328e+21, 3.984448389404883e+21] 

Mean:3.9888444641045753e+21 
Standard Error: 1.7799320139802644e+18

illegal_estimates = [4.2101814327861513e+21, 4.1991292123425863e+21, 4.201812370109539e+21, 4.2151525243328853e+21, 4.204704393072704e+21, 4.199907414494492e+21, 4.203419853818789e+21, 4.2054260898378185e+21, 4.2077664337779087e+21, 4.194253238475768e+21, 4.1978816612246954e+21, 4.200907842602277e+21, 4.1974314640354695e+21, 4.20439352908482e+21, 4.20083428775297e+21] 

Mean:4.202880116516592e+21 
Standard Error: 1.3825545778643945e+18


states_per_turn = [1, 49, 2352, 55272, 1271256, 19068840, 279676320, 3006520440, 31568464620, 258861409884, 2070891279072, 13460793313968, 85251690988464, 450616080939024, 2317454130543552, 10138861821128040, 43090162739794170, 157997263379245290, 561768047570649920, 1741480947469014752, 5224442842407044256, 13773531129982207584, 35059897421772892032, 78884769198989007072, 170916999931142848656, 328686538329120862800, 606805916915300054400, 996895434932278660800, 1566549969179295038400, 2193169956851013053760, 2924226609134684071680, 3472519098347437335120, 3906583985640867002010, 3906583985640867002010, 3676784927661992472480, 3063987439718327060400, 2383101342003143269200, 1630543023475834868400, 1029816646405790443200, 566399155523184743760, 283199577761592371880, 121371247612111016520, 46236665756994672960, 14711666377225577760, 4012272648334248480, 872233184420488800, 151692727725302400, 18961590965662800, 1580132580471900, 63205303218876]

non_terminal_per_turn = [1.0, 49.0, 2352.0, 55272.0, 1271256.0, 19068840.0, 279676320.0, 3006520440.0, 31568464620.0, 258853419695.14825, 2070765645001.0696, 13457934241468.113, 85220363833748.78, 450242670413285.9, 2314460134303832.0, 1.0115114578970594e+16, 4.294395494494053e+16, 1.571360308297159e+17, 5.5754928188700384e+17, 1.7220724906056622e+18, 5.147288270510377e+18, 1.3489092102146128e+19, 3.4131431868943524e+19, 7.608932963288442e+19, 1.6332476424400152e+20, 3.098007576476268e+20, 5.641139248158129e+20, 9.086960417623845e+20, 1.400194163795555e+21, 1.9077288869668538e+21, 2.475225064744455e+21, 2.8334366834875753e+21, 3.0725632035234806e+21, 2.9271609288947243e+21, 2.624547664804978e+21, 2.0539272304171766e+21, 1.500033289571665e+21, 9.472628824596038e+20, 5.5196263653832366e+20, 2.7444780457011033e+20, 1.2401335942140722e+20, 4.686410077906702e+19, 1.5733634559785781e+19, 4.2866068867753103e+18, 1.000490410649429e+18, 1.7987320656653034e+17, 2.5840734813823084e+16, 2562058568628748.0, 169179317598180.72, 5115613917131.116]
term_per_turn = [0.0, 0.0, 0.0, 0.0, 0.0, 0.0, 0.0, 0.0, 0.0, 7990188.8517528, 61712560.1163456, 2457940859.1305566, 15760195940.734045, 290106632908.54364, 1501864773534.2578, 17173880076748.082, 73161350977138.53, 592500270823061.8, 2108315482532649.0, 1.2847833739317572e+16, 3.846374139055863e+16, 1.8224769097028992e+17, 4.6099324189291264e+17, 1.7435953125898673e+18, 3.7614729676846193e+18, 1.1476506822043138e+19, 2.0983914959120196e+19, 5.234372276320651e+19, 8.079460578709291e+19, 1.650834117241067e+20, 2.1474448001061772e+20, 3.5870404631982034e+20, 3.9003230337065465e+20, 5.307849617397009e+20, 4.769726405739183e+20, 5.241526545276865e+20, 3.836272055798276e+20, 3.3573239572832603e+20, 1.9624378246349406e+20, 1.3363327147853149e+20, 6.0638183831072195e+19, 3.113862699078735e+19, 1.0518123250174863e+19, 3.8699626871946977e+18, 9.102570736368239e+17, 2.2039117098017328e+17, 3.202284046523709e+16, 4279983766542055.0, 286959450565739.25, 11719388271176.906]
illegal_per_turn = [0.0, 0.0, 0.0, 0.0, 0.0, 0.0, 0.0, 0.0, 0.0, 0.0, 63921510.8140224, 401131640.7562464, 15566958774.493526, 83303892829.59424, 1492131466185.9749, 6573362080698.013, 73046443876499.08, 268732278706312.3, 2110450201113417.5, 6560623124035104.0, 3.869083050610859e+16, 1.0219133686578998e+17, 4.674723109364562e+17, 1.0518442535147062e+18, 3.830762719456705e+18, 7.40927385945093e+18, 2.1708077140366914e+19, 3.5855670406687576e+19, 8.556119959664707e+19, 1.2035765816005263e+20, 2.3425706437961102e+20, 2.80378368540042e+20, 4.439884787467321e+20, 4.486380950064418e+20, 5.7526462228309665e+20, 4.8590755477346366e+20, 4.9944084685165075e+20, 3.475477452879049e+20, 2.816102274039728e+20, 1.5831807947454294e+20, 9.854803450911297e+19, 4.336851984225664e+19, 1.998490794703403e+19, 6.55509680325557e+18, 2.1015251640479956e+18, 4.719688068737852e+17, 9.382915244624224e+16, 1.2119548630491996e+16, 1123993812307980.0, 46370301030567.98]

nonterm_prop = [1.0, 1.0, 1.0, 1.0, 1.0, 1.0, 1.0, 1.0, 1.0, 0.9999691333333334, 0.9999393333333333, 0.9997876, 0.9996325333333334, 0.9991713333333333, 0.9987080666666667, 0.9976578, 0.9966069333333333, 0.9945490666666666, 0.9924902, 0.9888552, 0.985232, 0.9793488666666667, 0.9735177333333334, 0.964563, 0.9555794, 0.9425416666666667, 0.9296447333333333, 0.9115259333333333, 0.8938075333333333, 0.86985, 0.8464546, 0.81596, 0.7865089333333334, 0.7492891333333334, 0.7138159333333334, 0.6703445333333333, 0.6294458666666667, 0.5809493333333333, 0.5359814666666667, 0.4845484, 0.43790093333333335, 0.38612193333333333, 0.3402848, 0.29137466666666667, 0.24935753333333333, 0.20622146666666666, 0.1703492, 0.13511833333333334, 0.10706653333333334, 0.08093646666666666]
term_prop = [0.0, 0.0, 0.0, 0.0, 0.0, 0.0, 0.0, 0.0, 0.0, 3.086666666666667e-05, 2.98e-05, 0.0001826, 0.00018486666666666667, 0.0006438, 0.0006480666666666666, 0.0016938666666666666, 0.0016978666666666667, 0.0037500666666666666, 0.003753, 0.0073775333333333335, 0.0073622666666666664, 0.013231733333333334, 0.013148733333333334, 0.022103066666666667, 0.0220076, 0.03491626666666667, 0.034580933333333334, 0.05250673333333333, 0.05157486666666666, 0.0752716, 0.07343633333333334, 0.10329793333333333, 0.09983973333333333, 0.13586933333333334, 0.12972546666666668, 0.1710688, 0.16097813333333333, 0.2059022, 0.19056186666666666, 0.2359348, 0.2141182, 0.25655686666666666, 0.22748446666666666, 0.263054, 0.2268682, 0.2526746, 0.21110333333333334, 0.2257186, 0.18160466666666666, 0.1854178]
illegal_prop = [0.0, 0.0, 0.0, 0.0, 0.0, 0.0, 0.0, 0.0, 0.0, 0.0, 3.086666666666667e-05, 2.98e-05, 0.0001826, 0.00018486666666666667, 0.0006438666666666666, 0.0006483333333333333, 0.0016952, 0.0017008666666666666, 0.0037568, 0.0037672666666666668, 0.0074057333333333334, 0.0074194, 0.013333533333333333, 0.013333933333333334, 0.022413, 0.022542066666666666, 0.03577433333333333, 0.03596733333333333, 0.0546176, 0.0548784, 0.08010906666666667, 0.08074206666666667, 0.11365133333333333, 0.11484153333333333, 0.1564586, 0.15858666666666665, 0.209576, 0.21314846666666667, 0.2734566666666667, 0.2795168, 0.34798086666666667, 0.3573212, 0.43223073333333334, 0.4455713333333333, 0.5237742666666667, 0.5411039333333333, 0.6185474666666667, 0.6391630666666667, 0.7113288, 0.7336457333333334]


Test for 7x7 k=6: 
15 runs and 1000000 samples 

non_term_estimates = [3.138801838638933e+22, 3.1399358312000705e+22, 3.1410655723640578e+22, 3.1396948297880198e+22, 3.1416992191188895e+22, 3.140752653197579e+22, 3.1407993422530807e+22, 3.140271657066061e+22, 3.1408410154743127e+22, 3.1404551586922185e+22, 3.140058016781237e+22, 3.1406008459256056e+22, 3.141154765132936e+22, 3.141333290973019e+22, 3.140147225672334e+22] 

Mean:3.1405074174852242e+22 
Standard Error: 1.875208312689691e+18

term_estimates = [8.866995598398561e+20, 8.811245576842889e+20, 8.749618009879955e+20, 8.822151250615855e+20, 8.719929895240873e+20, 8.765338150935198e+20, 8.770774922234665e+20, 8.789941349154592e+20, 8.760597211971357e+20, 8.777267253129417e+20, 8.80020444244735e+20, 8.770898473841952e+20, 8.74200219916558e+20, 8.735204229487459e+20, 8.804033320553666e+20] 

Mean:8.77908012559329e+20 
Standard Error: 9.793590834355026e+17

illegal_estimates = [7.548890294818008e+20, 7.491241060259867e+20, 7.439894510824054e+20, 7.50443552769209e+20, 7.406217949980054e+20, 7.455466286416808e+20, 7.445360609567142e+20, 7.478962701349105e+20, 7.451370997707161e+20, 7.473286634758569e+20, 7.490063636538857e+20, 7.465086690707261e+20, 7.438591044650699e+20, 7.42753643032044e+20, 7.477313869322841e+20] 

Mean:7.466247882994196e+20 
Standard Error: 9.037051143835585e+17


states_per_turn = [1, 49, 2352, 55272, 1271256, 19068840, 279676320, 3006520440, 31568464620, 258861409884, 2070891279072, 13460793313968, 85251690988464, 450616080939024, 2317454130543552, 10138861821128040, 43090162739794170, 157997263379245290, 561768047570649920, 1741480947469014752, 5224442842407044256, 13773531129982207584, 35059897421772892032, 78884769198989007072, 170916999931142848656, 328686538329120862800, 606805916915300054400, 996895434932278660800, 1566549969179295038400, 2193169956851013053760, 2924226609134684071680, 3472519098347437335120, 3906583985640867002010, 3906583985640867002010, 3676784927661992472480, 3063987439718327060400, 2383101342003143269200, 1630543023475834868400, 1029816646405790443200, 566399155523184743760, 283199577761592371880, 121371247612111016520, 46236665756994672960, 14711666377225577760, 4012272648334248480, 872233184420488800, 151692727725302400, 18961590965662800, 1580132580471900, 63205303218876]

non_terminal_per_turn = [1.0, 49.0, 2352.0, 55272.0, 1271256.0, 19068840.0, 279676320.0, 3006520440.0, 31568464620.0, 258861409884.0, 2070891279072.0, 13460760110677.824, 85251213578994.45, 450606557919180.2, 2317366685274359.5, 1.0137941212474682e+16, 4.308400371919989e+16, 1.579531610764607e+17, 5.6153274166112416e+17, 1.740222321138914e+18, 5.219043903173701e+18, 1.375091223716055e+19, 3.498100096594143e+19, 7.862068928663385e+19, 1.701583905241818e+20, 3.266204804864916e+20, 6.018592755343343e+20, 9.858021819114392e+20, 1.544483441876771e+21, 2.1523024278750513e+21, 2.85653524694735e+21, 3.368889868401821e+21, 3.7640345590773585e+21, 3.7269707132941244e+21, 3.473122908138891e+21, 2.854263831710316e+21, 2.189371566860836e+21, 1.4695650546143454e+21, 9.106103578099743e+20, 4.881107468078398e+20, 2.3787070998498745e+20, 9.8525149286091e+19, 3.6273786296118022e+19, 1.1037369833625741e+19, 2.878680174788352e+18, 5.908191261362842e+17, 9.699354364938016e+16, 1.1265194962246064e+16, 872142484810369.6, 31786705452411.367]
term_per_turn = [0.0, 0.0, 0.0, 0.0, 0.0, 0.0, 0.0, 0.0, 0.0, 0.0, 0.0, 33203290.1744544, 267121965.09718722, 8111089456.902432, 45731094842.72609, 720535113421.4994, 3096746362233.2075, 32747566123071.574, 118832667662778.16, 890128961616329.1, 2726462571357489.5, 1.5425436630171408e+16, 3.9610672107119016e+16, 1.748612383910923e+17, 3.7937876751382675e+17, 1.3349932440775572e+18, 2.476819937937078e+18, 7.00850720605223e+18, 1.1010339803379757e+19, 2.5343102330726654e+19, 3.365823816802143e+19, 6.317878097406005e+19, 7.058806603654483e+19, 1.0761597124711085e+20, 1.003718163832592e+20, 1.2346521227591382e+20, 9.46998400019437e+19, 9.308313568976966e+19, 5.760897301658632e+19, 4.433315694116702e+19, 2.157225583669303e+19, 1.2634949161833443e+19, 4.649041257866906e+18, 1.9733052345100214e+18, 5.1469299790410125e+17, 1.457146361516183e+17, 2.3936920290930932e+16, 3805462367989957.0, 294985892021504.3, 14651435936944.871]
illegal_per_turn = [0.0, 0.0, 0.0, 0.0, 0.0, 0.0, 0.0, 0.0, 0.0, 0.0, 0.0, 0.0, 210287504.4382112, 1411930386.9422753, 41714174349.783936, 200073539936.92667, 3062274232041.372, 11354736661521.76, 116473241862981.4, 368497368484443.5, 2672476661985950.0, 7193456191485375.0, 3.928578372434391e+16, 8.921867396405656e+16, 3.792306394472198e+17, 7.310645985516306e+17, 2.4698214430286546e+18, 4.0847458147871805e+18, 1.1056187499144405e+19, 1.5524426645235126e+19, 3.4033124019312497e+19, 4.0450448971556405e+19, 7.196136052696378e+19, 7.199730109963167e+19, 1.0329020313984211e+20, 8.625839573209691e+19, 9.902993514036342e+19, 6.7894833171719676e+19, 6.1597315579229766e+19, 3.395525177417791e+19, 2.3756611939911897e+19, 1.021114916418657e+19, 5.313838203009743e+18, 1.7009913090898173e+18, 6.188994756417951e+17, 1.3569942213258638e+17, 3.0762263784991308e+16, 3890933635426779.0, 413004203640026.0, 16767161829519.764]

nonterm_prop = [1.0, 1.0, 1.0, 1.0, 1.0, 1.0, 1.0, 1.0, 1.0, 1.0, 1.0, 0.9999975333333333, 0.9999944, 0.9999788666666667, 0.9999622666666667, 0.9999092, 0.9998570666666666, 0.9997208666666667, 0.9995811333333333, 0.9992772666666667, 0.9989666, 0.9983578, 0.9977496666666666, 0.9966523333333334, 0.9955615333333333, 0.9937142, 0.9918480666666667, 0.9888722, 0.9859139333333333, 0.981366, 0.9768515333333333, 0.9701573333333333, 0.9635104666666666, 0.9540229333333333, 0.9446086666666667, 0.9315520666666667, 0.9187068666666667, 0.9012734, 0.8842451333333333, 0.8617787333333333, 0.8399402, 0.8117668, 0.7845242666666666, 0.7502460666666667, 0.7174687333333334, 0.6773637333333333, 0.639408, 0.594106, 0.5519426, 0.502912]
term_prop = [0.0, 0.0, 0.0, 0.0, 0.0, 0.0, 0.0, 0.0, 0.0, 0.0, 0.0, 2.4666666666666666e-06, 3.1333333333333335e-06, 1.8e-05, 1.9733333333333333e-05, 7.106666666666667e-05, 7.186666666666666e-05, 0.00020726666666666667, 0.00021153333333333334, 0.0005111333333333334, 0.0005218666666666667, 0.0011199333333333334, 0.0011298, 0.0022166666666666667, 0.0022196666666666667, 0.0040616, 0.004081733333333334, 0.007030333333333334, 0.0070284, 0.011555466666666667, 0.011510133333333334, 0.018193933333333332, 0.018069, 0.027547333333333333, 0.0272988, 0.0402956, 0.03973806666666667, 0.0570872, 0.055941, 0.07827193333333334, 0.07617333333333333, 0.10410166666666666, 0.1005488, 0.134132, 0.12827966666666665, 0.16705926666666668, 0.15779873333333333, 0.2006932, 0.18668426666666665, 0.23180706666666667]
illegal_prop = [0.0, 0.0, 0.0, 0.0, 0.0, 0.0, 0.0, 0.0, 0.0, 0.0, 0.0, 0.0, 2.4666666666666666e-06, 3.1333333333333335e-06, 1.8e-05, 1.9733333333333333e-05, 7.106666666666667e-05, 7.186666666666666e-05, 0.00020733333333333332, 0.0002116, 0.0005115333333333334, 0.0005222666666666667, 0.0011205333333333333, 0.001131, 0.0022188, 0.0022242, 0.0040702, 0.0040974666666666664, 0.007057666666666667, 0.007078533333333334, 0.011638333333333334, 0.011648733333333333, 0.018420533333333333, 0.018429733333333333, 0.028092533333333333, 0.028152333333333335, 0.04155506666666667, 0.0416394, 0.05981386666666667, 0.059949333333333334, 0.08388646666666667, 0.08413153333333333, 0.11492693333333333, 0.11562193333333333, 0.1542516, 0.155577, 0.20279326666666667, 0.2052008, 0.26137313333333334, 0.26528093333333336]


Test for 7x7 k=7:
15 runs and 1000000 samples

non_term_estimates = [3.281066578617297e+22, 3.2808355419365164e+22, 3.280567618779446e+22, 3.2808844129516156e+22, 3.2808690706626397e+22, 3.2808955681584754e+22, 3.2809114170434144e+22, 3.280729831761958e+22, 3.2805173359709855e+22, 3.2805402264433357e+22, 3.280774107772785e+22, 3.280664029911037e+22, 3.280777048627232e+22, 3.2808178140277086e+22, 3.2806337792609658e+22]

Mean:3.2807656254616946e+22
Standard Error: 4.035462843286654e+17

term_estimates = [1.227398116729939e+20, 1.2394113526115192e+20, 1.2530631369233046e+20, 1.2350458921691573e+20, 1.237142441499235e+20, 1.2355932533248324e+20, 1.2338754320481757e+20, 1.243027177832279e+20, 1.254157378159996e+20, 1.2551824241660941e+20, 1.2426856325626877e+20, 1.2470611917620524e+20, 1.2428116708421178e+20, 1.2387737418468712e+20, 1.2490058192709678e+20]

Mean:1.2422823107832819e+20
Standard Error: 2.1032765252883978e+17

illegal_estimates = [9.620137786501744e+19, 9.731042108466551e+19, 9.862447422419694e+19, 9.725825697790697e+19, 9.720202493466708e+19, 9.70919687937417e+19, 9.710526207202704e+19, 9.800594030817342e+19, 9.901787818513885e+19, 9.868646886102224e+19, 9.7597334726864e+19, 9.82605574244011e+19, 9.755532235445099e+19, 9.755146124921897e+19, 9.836860117423325e+19]

Mean:9.772249001571505e+19
Standard Error: 1.955401276659136e+17


states_per_turn = [1, 49.0, 2352.0, 55272.0, 1271256.0, 19068840.0, 279676320.0, 3006520440.0, 31568464620.0, 258861409884.0, 2070891279072.0, 13460793313968.0, 85251690988464.0, 450616080939024.0, 2317454130543552.0, 1.013886182112804e+16, 4.309016273979417e+16, 1.5799726337924528e+17, 5.617680475706499e+17, 1.7414809474690148e+18, 5.224442842407044e+18, 1.3773531129982208e+19, 3.505989742177289e+19, 7.8884769198989e+19, 1.7091699993114286e+20, 3.2868653832912083e+20, 6.068059169153e+20, 9.968954349322787e+20, 1.566549969179295e+21, 2.193169956851013e+21, 2.924226609134684e+21, 3.4725190983474374e+21, 3.906583985640867e+21, 3.906583985640867e+21, 3.6767849276619924e+21, 3.063987439718327e+21, 2.383101342003143e+21, 1.6305430234758347e+21, 1.0298166464057905e+21, 5.6639915552318475e+20, 2.8319957776159238e+20, 1.2137124761211101e+20, 4.6236665756994675e+19, 1.4711666377225578e+19, 4.0122726483342484e+18, 8.722331844204888e+17, 1.516927277253024e+17, 1.89615909656628e+16, 1580132580471900.0, 63205303218876.0]

non_terminal_per_turn = [1.0, 49.0, 2352.0, 55272.0, 1271256.0, 19068840.0, 279676320.0, 3006520440.0, 31568464620.0, 258861409884.0, 2070891279072.0, 13460793313968.0, 85251690988464.0, 450615960774735.75, 2317452894568015.5, 1.0138845598949126e+16, 4.30900420873385e+16, 1.579959151359311e+17, 5.617607820372347e+17, 1.7414314894101066e+18, 5.224208787367705e+18, 1.3772375989838107e+19, 3.505562712626692e+19, 7.886849790059556e+19, 1.7086618060983e+20, 3.2853111342136295e+20, 6.064148507287121e+20, 9.959302407721773e+20, 1.5645313128890106e+21, 2.189128383254528e+21, 2.9171961835210025e+21, 3.4609465812002847e+21, 3.889927353281824e+21, 3.8841518595174527e+21, 3.650223588225567e+21, 3.034873839597782e+21, 2.3550349220046808e+21, 1.605751269021094e+21, 1.0106313682465798e+21, 5.530033246157933e+20, 2.751082448654222e+20, 1.1704183002137241e+20, 4.426130901563612e+19, 1.3938775253209416e+19, 3.762611925124925e+18, 8.064465665053053e+17, 1.3827628464733507e+17, 1.6953988278460996e+16, 1385754677928589.8, 54010081937048.125]
term_per_turn = [0.0, 0.0, 0.0, 0.0, 0.0, 0.0, 0.0, 0.0, 0.0, 0.0, 0.0, 0.0, 0.0, 120164288.2504064, 617987768.1449472, 13518482428.170721, 63198905351.69811, 1116513994546.6667, 3295705879081.146, 39241370682968.47, 116330927290930.19, 848449517606904.1, 2110605824790728.0, 1.152243528766566e+16, 2.5854044856250876e+16, 1.0570559072664526e+17, 1.9591740370805322e+17, 6.432633943139684e+17, 1.0075005035115107e+18, 2.6301956235861914e+18, 3.5207688373981594e+18, 7.386048122184999e+18, 8.336389786425234e+18, 1.4079068245317308e+19, 1.32839788246476e+19, 1.800358166412626e+19, 1.4012159270710082e+19, 1.5145788036462334e+19, 9.559444656369484e+18, 8.086556263291912e+18, 4.0075761048761446e+18, 2.5849810144757555e+18, 9.752237541465317e+17, 4.5505930282482464e+17, 1.225642300128824e+17, 3.81827635834334e+16, 6536227267864465.0, 1147003070891779.5, 93700808600263.36, 5157021818113.243]
illegal_per_turn = [0.0, 0.0, 0.0, 0.0, 0.0, 0.0, 0.0, 0.0, 0.0, 0.0, 0.0, 0.0, 0.0, 0.0, 617987768.1449472, 2703696485.634144, 57453550319.72556, 231729319622.89307, 3969827536165.9263, 10216688225151.553, 117724112048905.39, 306690626494270.5, 2159689681181210.2, 4748863105779138.0, 2.4965276456608936e+16, 4.971931703125168e+16, 1.951487828799605e+17, 3.219307657874639e+17, 1.011155786772929e+18, 1.4113779728988554e+18, 3.5096567762834473e+18, 4.186469024967671e+18, 8.320242572617918e+18, 8.353057878097302e+18, 1.327736061177781e+19, 1.1110018456418652e+19, 1.4054260727752137e+19, 9.645966418278343e+18, 9.625833502841113e+18, 5.309274644099528e+18, 4.083756791294013e+18, 1.7444365762628416e+18, 1.0001329872120165e+18, 3.178318211913399e+17, 1.2709649319644075e+17, 2.7603854331750016e+16, 6880215810102876.0, 860599616310022.5, 100677093943046.8, 4038199463714.631]

nonterm_prop = [1.0, 1.0, 1.0, 1.0, 1.0, 1.0, 1.0, 1.0, 1.0, 1.0, 1.0, 1.0, 1.0, 0.9999997333333334, 0.9999994666666666, 0.9999984, 0.9999972, 0.9999914666666667, 0.9999870666666667, 0.9999716, 0.9999552, 0.9999161333333333, 0.9998782, 0.9997937333333333, 0.9997026666666666, 0.9995271333333333, 0.9993555333333334, 0.9990318, 0.9987114, 0.9981572, 0.9975958, 0.9966674, 0.9957362666666667, 0.9942578666666667, 0.9927759333333334, 0.9904981333333334, 0.9882227333333333, 0.9847954, 0.9813702, 0.9763491333333333, 0.9714288666666666, 0.9643291333333334, 0.9572772666666667, 0.9474640666666667, 0.9377757333333333, 0.9245768, 0.9115551333333334, 0.8941226666666666, 0.8769863333333333, 0.8545182]
term_prop = [0.0, 0.0, 0.0, 0.0, 0.0, 0.0, 0.0, 0.0, 0.0, 0.0, 0.0, 0.0, 0.0, 2.6666666666666667e-07, 2.6666666666666667e-07, 1.3333333333333334e-06, 1.4666666666666667e-06, 7.066666666666667e-06, 5.866666666666667e-06, 2.2533333333333333e-05, 2.2266666666666668e-05, 6.16e-05, 6.02e-05, 0.00014606666666666668, 0.00015126666666666667, 0.0003216, 0.0003228666666666667, 0.0006452666666666667, 0.0006431333333333333, 0.0011992666666666666, 0.001204, 0.002127, 0.0021339333333333333, 0.0036039333333333333, 0.003612933333333333, 0.005875866666666667, 0.0058798, 0.0092888, 0.009282666666666666, 0.014277133333333334, 0.014151066666666667, 0.021298133333333334, 0.021092, 0.030931866666666665, 0.030547333333333333, 0.04377586666666667, 0.0430886, 0.060490866666666664, 0.059299333333333336, 0.0815916]
illegal_prop = [0.0, 0.0, 0.0, 0.0, 0.0, 0.0, 0.0, 0.0, 0.0, 0.0, 0.0, 0.0, 0.0, 0.0, 2.6666666666666667e-07, 2.6666666666666667e-07, 1.3333333333333334e-06, 1.4666666666666667e-06, 7.066666666666667e-06, 5.866666666666667e-06, 2.2533333333333333e-05, 2.2266666666666668e-05, 6.16e-05, 6.02e-05, 0.00014606666666666668, 0.00015126666666666667, 0.0003216, 0.00032293333333333334, 0.0006454666666666667, 0.0006435333333333333, 0.0012002, 0.0012056, 0.0021298, 0.0021382, 0.0036111333333333335, 0.003626, 0.005897466666666667, 0.0059158, 0.009347133333333334, 0.009373733333333334, 0.014420066666666667, 0.014372733333333334, 0.021630733333333332, 0.021604066666666668, 0.03167693333333333, 0.03164733333333333, 0.045356266666666666, 0.04538646666666667, 0.06371433333333333, 0.0638902]



nonterm_means = [456175829.5700477, 313047590356.3734, 2616575034301.6343, 221332782099002.97, 3834862053881586.0, 7186249631566036.0, 1.5680764172397066e+17, 5.689901606665224e+18, 1.3298304705663306e+19, 1.5788563756363864e+19, 1.1192772348436701e+20, 8.51742557962577e+21, 2.4837882395089816e+22, 3.1405074174852242e+22]
nonterm_sterrors = [107963.66095691983, 179630403.93969107, 349249201.95956886, 145733330834.41284, 856629616736.0228, 540371426477.3036, 230285065317277.3, 1417184660713385.0, 1370319195947769.0, 568545805138221.8, 2.3841501217476243e+17, 2.426574172773341e+18, 3.0486002313208166e+18, 1.875208312689691e+18]

term_means = [483613718.0003261, 559053780974.6129, 723474747515.6628, 560279694622715.8, 1747046607966430.5, 508370791186554.94, 5.1187083473135123e+17, 3.6513658074912164e+18, 1.5227820634909466e+18, 2.7353220446081862e+17, 4.483819083829556e+20, 7.090889874477625e+21, 3.9888444641045753e+21, 8.77908012559329e+20]
term_sterrors = [57340.13103954752, 162448276.7850702, 176937526.43222648, 130267499217.02087, 256371918819.31555, 274796971944.33652, 234822630549237.84, 513773329395767.25, 690941769013354.6, 292054389277701.3, 3.249782798586731e+17, 1.3678397681106708e+18, 1.7799320139802644e+18, 9.793590834355026e+17]

illegal_means = [1233453579.429626, 3270356621031.0137, 802408210544.7025, 7352914672644822.0, 2552618487518524.5, 439906726613951.75, 1.5613723617717807e+19, 6.941134680016687e+18, 1.4613153250188756e+18, 2.203061333484464e+17, 3.2469297343843673e+22, 1.742129152160759e+22, 4.202880116516592e+21, 7.466247882994196e+20]

illegal_means = [129101.65927704032, 303555030.6745865, 201020925.91255897, 199152347872.25476, 685880571177.2078, 270510839556.46844, 363741975288793.06, 1111919900371564.0, 696331180764029.2, 277683581338919.78, 5.0046575427532646e+17, 2.4501390174684733e+18, 1.3825545778643945e+18, 9.037051143835585e+17]