


Test for 2x2 k=2: 
15 runs and 1000000 samples 

non_term_estimates = [16.0, 16.0, 16.0, 16.0, 16.0, 16.0, 16.0, 16.0, 16.0, 16.0, 16.0, 16.0, 16.0, 16.0, 16.0] 

Mean:16.0 
Standard Error: 0.0

term_estimates = [12.0, 12.0, 12.0, 12.0, 12.0, 12.0, 12.0, 12.0, 12.0, 12.0, 12.0, 12.0, 12.0, 12.0, 12.0] 

Mean:12.0 
Standard Error: 0.0

illegal_estimates = [6.0, 6.0, 6.0, 6.0, 6.0, 6.0, 6.0, 6.0, 6.0, 6.0, 6.0, 6.0, 6.0, 6.0, 6.0] 

Mean:6.0 
Standard Error: 0.0


states_per_turn = [1, 4.0, 12.0, 12.0, 6.0]

non_terminal_per_turn = [1.0, 4.0, 12.0, 0.0, 0.0]
term_per_turn = [0.0, 0.0, 0.0, 12.0, 0.0]
illegal_per_turn = [0.0, 0.0, 0.0, 0.0, 6.0]

nonterm_prop = [1.0, 1.0, 1.0, 0.0, 0.0]
term_prop = [0.0, 0.0, 0.0, 1.0, 0.0]
illegal_prop = [0.0, 0.0, 0.0, 0.0, 1.0]


Test for 3x3 k=3: 
15 runs and 1000000 samples 

non_term_estimates = [4532.864381999999, 4532.835612000001, 4532.352822000001, 4533.448685999999, 4533.4347419999995, 4537.428816000001, 4533.8207219999995, 4535.063082, 4535.127804, 4535.193366, 4532.733594, 4533.911232, 4534.365713999999, 4534.863539999999, 4537.154724] 

Mean:4534.3065891999995 
Standard Error: 0.3941878664777161

term_estimates = [943.6050540000001, 943.038726, 943.3039140000001, 942.8243580000001, 942.6842459999999, 940.7460299999999, 942.705414, 942.2622299999999, 942.044712, 941.6782200000001, 942.9712739999999, 942.084276, 942.2531159999999, 942.0993960000001, 940.741326] 

Mean:942.3361527999999 
Standard Error: 0.2144889697262836

illegal_estimates = [568.5305639999999, 569.1256619999999, 569.343264, 568.726956, 568.881012, 566.825154, 568.473864, 567.674688, 567.827484, 568.128414, 569.295132, 569.004492, 568.3811700000001, 568.037064, 567.1039499999999] 

Mean:568.357258 
Standard Error: 0.196831451777403


states_per_turn = [1, 9.0, 72.0, 252.0, 756.0, 1260.0, 1680.0, 1260.0, 630.0, 126.0]

non_terminal_per_turn = [1.0, 9.0, 72.0, 252.0, 756.0, 1139.828928, 1371.730864, 695.7944279999999, 221.95966800000002, 15.992701199999999]
term_per_turn = [0.0, 0.0, 0.0, 0.0, 0.0, 120.171072, 148.04104, 444.18066, 167.92540799999998, 62.0179728]
illegal_per_turn = [0.0, 0.0, 0.0, 0.0, 0.0, 0.0, 160.228096, 120.024912, 240.114924, 47.989326]

nonterm_prop = [1.0, 1.0, 1.0, 1.0, 1.0, 0.9046261333333333, 0.8165064666666667, 0.5522178, 0.35231693333333336, 0.1269262]
term_prop = [0.0, 0.0, 0.0, 0.0, 0.0, 0.09537386666666667, 0.08811966666666667, 0.35252433333333333, 0.26654826666666664, 0.49220613333333335]
illegal_prop = [0.0, 0.0, 0.0, 0.0, 0.0, 0.0, 0.09537386666666667, 0.09525786666666666, 0.3811348, 0.38086766666666666]


Test for 4x4 k=4: 
15 runs and 1000000 samples 

non_term_estimates = [9065274.962938001, 9068163.368458, 9066611.870509999, 9068631.839032, 9069766.066126002, 9067058.790412001, 9063486.096716, 9071687.424708, 9068285.414954001, 9067610.269626, 9070122.714704001, 9069891.628134, 9067764.36328, 9067179.271629998, 9070992.245938001] 

Mean:9068168.421811068 
Standard Error: 557.7617780464876

term_estimates = [655798.122694, 654100.945498, 654546.20946, 653848.0654419999, 653092.42141, 654284.4193599999, 656695.71825, 652097.833244, 654371.4520200001, 654067.4734879999, 652824.017274, 653167.427198, 653805.0410320001, 654269.654896, 652567.1066200001] 

Mean:653969.0605257334 
Standard Error: 306.4604547823246

illegal_estimates = [444704.91436800006, 443513.68604400003, 444619.92003000004, 443298.095526, 442919.51246399997, 444434.79022799997, 445596.18503399997, 441992.742048, 443121.133026, 444100.25688599993, 442831.2680219999, 442718.94466800004, 444208.59568800003, 444329.073474, 442218.647442] 

Mean:443640.51766320004 
Standard Error: 264.7538323214685


states_per_turn = [1, 16.0, 240.0, 1680.0, 10920.0, 43680.0, 160160.0, 400400.0, 900900.0, 1441440.0, 2018016.0, 2018016.0, 1681680.0, 960960.0, 411840.0, 102960.0, 12870.0]

non_terminal_per_turn = [1.0, 16.0, 240.0, 1680.0, 10920.0, 43680.0, 160160.0, 398196.41194666666, 891009.85974, 1394040.1675200001, 1908498.27168, 1800769.9854144, 1415515.797696, 714302.901312, 270340.369728, 53442.671568, 5355.985206]
term_per_turn = [0.0, 0.0, 0.0, 0.0, 0.0, 0.0, 0.0, 2203.5880533333334, 4932.067139999999, 39467.492064000005, 53976.277555199995, 161822.4159552, 127720.905312, 167484.565248, 63503.449152, 29993.202096, 2865.09795]
illegal_per_turn = [0.0, 0.0, 0.0, 0.0, 0.0, 0.0, 0.0, 0.0, 4958.07312, 7932.340415999999, 55541.4507648, 55423.5986304, 138443.29699200002, 79172.53344, 77996.18112000001, 19524.126335999998, 4648.916844]

nonterm_prop = [1.0, 1.0, 1.0, 1.0, 1.0, 1.0, 1.0, 0.9944965333333333, 0.9890219333333333, 0.9671163333333334, 0.94573, 0.8923467333333334, 0.8417272, 0.7433222, 0.6564208666666667, 0.5190624666666667, 0.4161604666666667]
term_prop = [0.0, 0.0, 0.0, 0.0, 0.0, 0.0, 0.0, 0.005503466666666667, 0.0054746, 0.0273806, 0.0267472, 0.08018886666666666, 0.0759484, 0.1742888, 0.15419446666666667, 0.2913092666666667, 0.22261833333333333]
illegal_prop = [0.0, 0.0, 0.0, 0.0, 0.0, 0.0, 0.0, 0.0, 0.005503466666666667, 0.005503066666666666, 0.0275228, 0.0274644, 0.0823244, 0.082389, 0.18938466666666667, 0.18962826666666666, 0.3612212]


Test for 5x5 k=5: 
15 runs and 1000000 samples 

non_term_estimates = [154796365902.10388, 154759722974.72507, 154794824433.9325, 154769550986.33307, 154792674459.19403, 154747393629.7378, 154786051007.13385, 154836609041.89523, 154802514927.60065, 154799650206.32062, 154794787320.80292, 154833716244.12128, 154758448163.52536, 154776426458.8235, 154765738950.47202] 

Mean:154787631647.11478 
Standard Error: 6646557.639482883

term_estimates = [4183572646.2365494, 4204777941.0455103, 4184431566.41535, 4197619968.5722404, 4186393863.21825, 4212310548.4796605, 4189570353.55245, 4163025859.32481, 4180787410.130549, 4180053947.63499, 4185498548.21987, 4164234652.8645897, 4203321077.0748, 4195461867.993621, 4202329821.7417197] 

Mean:4188892671.500331 
Standard Error: 3648972.689186552

illegal_estimates = [3015092676.65956, 3030530309.2294, 3015775224.6522, 3027860270.0947104, 3015962902.58772, 3035327046.7825804, 3019409864.3137097, 2995396323.77992, 3011728887.2688394, 3015327071.0443897, 3014745355.97727, 2997080328.0141196, 3033261984.3998094, 3023142898.18291, 3026962452.786259] 

Mean:3018506906.384894 
Standard Error: 3020147.858440857


states_per_turn = [1, 25.0, 600.0, 6900.0, 75900.0, 531300.0, 3542000.0, 16824500.0, 75710250.0, 257414850.0, 823727520.0, 2059318800.0, 4805077200.0, 8923714800.0, 15297796800.0, 21034470600.0, 26293088250.0, 26293088250.0, 23371634000.0, 16360143800.0, 9816086280.0, 4461857400.0, 1622493600.0, 405623400.0, 67603900.0, 5200300.0]

non_terminal_per_turn = [1.0, 25.0, 600.0, 6900.0, 75900.0, 531300.0, 3542000.0, 16824500.0, 75710250.0, 257356365.34608, 823356842.616, 2056042561.0771198, 4792013796.7856, 8869052882.44976, 15152695157.64576, 20669910971.64708, 25630810931.6688, 25221536225.7144, 22059576955.091866, 14993946364.930866, 8734646745.720896, 3774909834.696, 1305171710.0240002, 300619237.77704, 46166712.323853336, 3126876.599653333]
term_per_turn = [0.0, 0.0, 0.0, 0.0, 0.0, 0.0, 0.0, 0.0, 0.0, 58484.65392, 183526.491456, 2817422.6942399996, 6488135.57392, 42593485.65472, 71983272.91584, 265135295.01887998, 329336706.1842, 738306412.3149, 647793137.6869334, 899998777.3443333, 526105577.88588804, 433766011.19852, 150306833.60784, 63144611.548200004, 9707248.507926665, 1167732.2186133333]
illegal_per_turn = [0.0, 0.0, 0.0, 0.0, 0.0, 0.0, 0.0, 0.0, 0.0, 0.0, 187150.892544, 458816.22864, 6575267.6404800005, 12068431.89552, 73118369.4384, 99424333.33404, 332940612.14699996, 333245611.97069997, 664263907.2212, 466198657.7248, 555333956.393216, 253181554.10548, 167015056.36816, 41859550.67476, 11729939.16822, 905691.1817333334]

nonterm_prop = [1.0, 1.0, 1.0, 1.0, 1.0, 1.0, 1.0, 1.0, 1.0, 0.9997728, 0.99955, 0.9984090666666666, 0.9972813333333334, 0.9938745333333333, 0.9905148666666667, 0.9826684666666666, 0.9748117333333334, 0.9592458666666667, 0.9438611333333333, 0.9164923333333334, 0.8898298666666666, 0.84604, 0.8044233333333334, 0.7411289333333333, 0.6829001333333333, 0.6012877333333333]
term_prop = [0.0, 0.0, 0.0, 0.0, 0.0, 0.0, 0.0, 0.0, 0.0, 0.0002272, 0.0002228, 0.0013681333333333333, 0.0013502666666666667, 0.004773066666666667, 0.0047054666666666665, 0.0126048, 0.0125256, 0.028079866666666668, 0.02771706666666667, 0.05501166666666667, 0.05359626666666667, 0.09721646666666667, 0.0926394, 0.155673, 0.14359006666666665, 0.22455093333333334]
illegal_prop = [0.0, 0.0, 0.0, 0.0, 0.0, 0.0, 0.0, 0.0, 0.0, 0.0, 0.0002272, 0.0002228, 0.0013684, 0.0013524, 0.0047796666666666664, 0.0047267333333333335, 0.012662666666666666, 0.012674266666666666, 0.0284218, 0.028496, 0.05657386666666667, 0.05674353333333333, 0.10293726666666667, 0.10319806666666667, 0.1735098, 0.17416133333333333]


Test for 6x6 k=6: 
15 runs and 1000000 samples 

non_term_estimates = [2.3654275445812244e+16, 2.3651206189935572e+16, 2.3652750957983812e+16, 2.3648895751385224e+16, 2.3652633648482416e+16, 2.365552347923431e+16, 2.364749398071032e+16, 2.365359864133836e+16, 2.364460485350727e+16, 2.364699160473035e+16, 2.3650031455959384e+16, 2.3650389085711696e+16, 2.3650203252181004e+16, 2.3652763467440376e+16, 2.3653899977635252e+16] 

Mean:2.365101745280318e+16 
Standard Error: 789414811509.47

term_estimates = [238347341561944.56, 239659479339398.97, 239133014881855.9, 241042873403500.06, 239084387662735.88, 237423527756339.2, 241688036611071.2, 238777567057241.2, 243597586111879.3, 242324955045994.1, 240696192184260.78, 240091470710701.1, 240214305264229.94, 238905463415131.78, 238237752995788.47] 

Mean:239948263600138.2 
Standard Error: 434561856217.6167

illegal_estimates = [180027591255620.72, 181784709354825.0, 180766405764123.2, 182711753841071.97, 180932342484646.66, 179703371639145.62, 183468361308402.78, 180274170234205.6, 184447939010648.53, 183333818853452.38, 181922730486154.28, 182169822207399.97, 182232821184561.6, 180981447774284.0, 180512647998757.7] 

Mean:181684662226486.66 
Standard Error: 359448335481.9901


states_per_turn = [1, 36.0, 1260.0, 21420.0, 353430.0, 3769920.0, 38955840.0, 292168800.0, 2118223800.0, 11862053280.0, 64055087712.0, 277572046752.0, 1156550194800.0, 3965314953600.0, 13028891990400.0, 35829452973600.0, 94052314055700.0, 209005142346000.0, 441233078286000.0, 794219540914800.0, 1350173219555160.0, 1963888319352960.0, 2678029526390400.0, 3124367780788800.0, 3384731762521200.0, 3124367780788800.0, 2643695814513600.0, 1888354153224000.0, 1213941955644000.0, 647435709676800.0, 302136664515840.0, 113301249193440.0, 35406640372950.0, 8330974205400.0, 1470171918600.0, 163352435400.0, 9075135300.0]

non_terminal_per_turn = [1.0, 36.0, 1260.0, 21420.0, 353430.0, 3769920.0, 38955840.0, 292168800.0, 2118223800.0, 11862053280.0, 64055087712.0, 277569974214.0509, 1156533925993.9265, 3965078620828.765, 13027563043416.979, 35820402453778.87, 94014348271592.84, 208834468746760.28, 440697244835729.5, 792539607741857.0, 1346100467044145.8, 1954417926173488.2, 2660275618912846.0, 3093354681323134.0, 3340016973801669.0, 3065440954696011.0, 2578989596989503.5, 1824941835965692.5, 1162259428965484.8, 610845880544415.6, 280920184799763.1, 103024410453681.28, 31487011982415.242, 7170025179963.492, 1224575289082.1143, 129810419516.49156, 6882012693.02316]
term_per_turn = [0.0, 0.0, 0.0, 0.0, 0.0, 0.0, 0.0, 0.0, 0.0, 0.0, 0.0, 2072537.9490816, 7633231.285680001, 210161692.5408, 638415707.5296, 7294876625.424959, 18810462811.14, 128844703418.23079, 263622056506.60883, 1204831043567.7515, 2023189563729.422, 6523251441562.792, 8847138343383.324, 20652487613384.74, 22256867826418.57, 38228722709804.83, 32124605320480.56, 40160131337722.336, 25519002214765.91, 22655501976817.035, 10393319977346.186, 6221099670213.727, 1897007536131.1492, 684792194726.871, 116687349156.35951, 19184556510.03276, 1012541885.8539599]
illegal_per_turn = [0.0, 0.0, 0.0, 0.0, 0.0, 0.0, 0.0, 0.0, 0.0, 0.0, 0.0, 0.0, 8635574.78784, 26171078.69376, 690531275.4912, 1755643195.7064, 19155321296.0109, 41828895821.5128, 272211393763.9096, 475102129375.2334, 2049562947284.733, 2947141737909.009, 8906769134170.951, 10360611852281.047, 22457920893112.33, 20698103382984.254, 32581612203616.145, 23252185920585.28, 26163524463749.164, 13934327155567.316, 10823159738730.72, 4055739069544.991, 2022620854403.6094, 476156830709.63696, 128909280361.52628, 14357459373.47568, 1180580721.12288]

nonterm_prop = [1.0, 1.0, 1.0, 1.0, 1.0, 1.0, 1.0, 1.0, 1.0, 1.0, 1.0, 0.9999925333333334, 0.9999859333333333, 0.9999404, 0.999898, 0.9997474, 0.9995963333333333, 0.9991834, 0.9987856, 0.9978848, 0.9969835333333333, 0.9951777333333334, 0.9933705333333334, 0.9900738, 0.9867892666666667, 0.9811396, 0.9755243333333333, 0.9664192666666667, 0.9574258666666666, 0.943485, 0.9297785333333334, 0.9092963333333334, 0.8892968, 0.8606466666666667, 0.832947, 0.7946647333333333, 0.7583372]
term_prop = [0.0, 0.0, 0.0, 0.0, 0.0, 0.0, 0.0, 0.0, 0.0, 0.0, 0.0, 7.466666666666667e-06, 6.6e-06, 5.3e-05, 4.9e-05, 0.0002036, 0.0002, 0.0006164666666666666, 0.0005974666666666667, 0.001517, 0.0014984666666666667, 0.0033216, 0.0033036, 0.006610133333333333, 0.006575666666666666, 0.012235666666666667, 0.0121514, 0.021267266666666666, 0.0210216, 0.034992666666666665, 0.0343994, 0.0549076, 0.053577733333333336, 0.08219833333333333, 0.07936986666666666, 0.11744273333333333, 0.1115732]
illegal_prop = [0.0, 0.0, 0.0, 0.0, 0.0, 0.0, 0.0, 0.0, 0.0, 0.0, 0.0, 0.0, 7.466666666666667e-06, 6.6e-06, 5.3e-05, 4.9e-05, 0.00020366666666666667, 0.00020013333333333334, 0.0006169333333333333, 0.0005982, 0.001518, 0.0015006666666666666, 0.0033258666666666666, 0.0033160666666666666, 0.0066350666666666665, 0.006624733333333333, 0.012324266666666667, 0.012313466666666667, 0.021552533333333332, 0.021522333333333334, 0.035822066666666666, 0.03579606666666667, 0.057125466666666666, 0.057155, 0.08768313333333333, 0.08789253333333333, 0.1300896]


Test for 7x7 k=7: 
15 runs and 1000000 samples 

non_term_estimates = [3.281066578617297e+22, 3.2808355419365164e+22, 3.280567618779446e+22, 3.2808844129516156e+22, 3.2808690706626397e+22, 3.2808955681584754e+22, 3.2809114170434144e+22, 3.280729831761958e+22, 3.2805173359709855e+22, 3.2805402264433357e+22, 3.280774107772785e+22, 3.280664029911037e+22, 3.280777048627232e+22, 3.2808178140277086e+22, 3.2806337792609658e+22] 

Mean:3.2807656254616946e+22 
Standard Error: 4.035462843286654e+17

term_estimates = [1.227398116729939e+20, 1.2394113526115192e+20, 1.2530631369233046e+20, 1.2350458921691573e+20, 1.237142441499235e+20, 1.2355932533248324e+20, 1.2338754320481757e+20, 1.243027177832279e+20, 1.254157378159996e+20, 1.2551824241660941e+20, 1.2426856325626877e+20, 1.2470611917620524e+20, 1.2428116708421178e+20, 1.2387737418468712e+20, 1.2490058192709678e+20] 

Mean:1.2422823107832819e+20 
Standard Error: 2.1032765252883978e+17

illegal_estimates = [9.620137786501744e+19, 9.731042108466551e+19, 9.862447422419694e+19, 9.725825697790697e+19, 9.720202493466708e+19, 9.70919687937417e+19, 9.710526207202704e+19, 9.800594030817342e+19, 9.901787818513885e+19, 9.868646886102224e+19, 9.7597334726864e+19, 9.82605574244011e+19, 9.755532235445099e+19, 9.755146124921897e+19, 9.836860117423325e+19] 

Mean:9.772249001571505e+19 
Standard Error: 1.955401276659136e+17


states_per_turn = [1, 49.0, 2352.0, 55272.0, 1271256.0, 19068840.0, 279676320.0, 3006520440.0, 31568464620.0, 258861409884.0, 2070891279072.0, 13460793313968.0, 85251690988464.0, 450616080939024.0, 2317454130543552.0, 1.013886182112804e+16, 4.309016273979417e+16, 1.5799726337924528e+17, 5.617680475706499e+17, 1.7414809474690148e+18, 5.224442842407044e+18, 1.3773531129982208e+19, 3.505989742177289e+19, 7.8884769198989e+19, 1.7091699993114286e+20, 3.2868653832912083e+20, 6.068059169153e+20, 9.968954349322787e+20, 1.566549969179295e+21, 2.193169956851013e+21, 2.924226609134684e+21, 3.4725190983474374e+21, 3.906583985640867e+21, 3.906583985640867e+21, 3.6767849276619924e+21, 3.063987439718327e+21, 2.383101342003143e+21, 1.6305430234758347e+21, 1.0298166464057905e+21, 5.6639915552318475e+20, 2.8319957776159238e+20, 1.2137124761211101e+20, 4.6236665756994675e+19, 1.4711666377225578e+19, 4.0122726483342484e+18, 8.722331844204888e+17, 1.516927277253024e+17, 1.89615909656628e+16, 1580132580471900.0, 63205303218876.0]

non_terminal_per_turn = [1.0, 49.0, 2352.0, 55272.0, 1271256.0, 19068840.0, 279676320.0, 3006520440.0, 31568464620.0, 258861409884.0, 2070891279072.0, 13460793313968.0, 85251690988464.0, 450615960774735.75, 2317452894568015.5, 1.0138845598949126e+16, 4.30900420873385e+16, 1.579959151359311e+17, 5.617607820372347e+17, 1.7414314894101066e+18, 5.224208787367705e+18, 1.3772375989838107e+19, 3.505562712626692e+19, 7.886849790059556e+19, 1.7086618060983e+20, 3.2853111342136295e+20, 6.064148507287121e+20, 9.959302407721773e+20, 1.5645313128890106e+21, 2.189128383254528e+21, 2.9171961835210025e+21, 3.4609465812002847e+21, 3.889927353281824e+21, 3.8841518595174527e+21, 3.650223588225567e+21, 3.034873839597782e+21, 2.3550349220046808e+21, 1.605751269021094e+21, 1.0106313682465798e+21, 5.530033246157933e+20, 2.751082448654222e+20, 1.1704183002137241e+20, 4.426130901563612e+19, 1.3938775253209416e+19, 3.762611925124925e+18, 8.064465665053053e+17, 1.3827628464733507e+17, 1.6953988278460996e+16, 1385754677928589.8, 54010081937048.125]
term_per_turn = [0.0, 0.0, 0.0, 0.0, 0.0, 0.0, 0.0, 0.0, 0.0, 0.0, 0.0, 0.0, 0.0, 120164288.2504064, 617987768.1449472, 13518482428.170721, 63198905351.69811, 1116513994546.6667, 3295705879081.146, 39241370682968.47, 116330927290930.19, 848449517606904.1, 2110605824790728.0, 1.152243528766566e+16, 2.5854044856250876e+16, 1.0570559072664526e+17, 1.9591740370805322e+17, 6.432633943139684e+17, 1.0075005035115107e+18, 2.6301956235861914e+18, 3.5207688373981594e+18, 7.386048122184999e+18, 8.336389786425234e+18, 1.4079068245317308e+19, 1.32839788246476e+19, 1.800358166412626e+19, 1.4012159270710082e+19, 1.5145788036462334e+19, 9.559444656369484e+18, 8.086556263291912e+18, 4.0075761048761446e+18, 2.5849810144757555e+18, 9.752237541465317e+17, 4.5505930282482464e+17, 1.225642300128824e+17, 3.81827635834334e+16, 6536227267864465.0, 1147003070891779.5, 93700808600263.36, 5157021818113.243]
illegal_per_turn = [0.0, 0.0, 0.0, 0.0, 0.0, 0.0, 0.0, 0.0, 0.0, 0.0, 0.0, 0.0, 0.0, 0.0, 617987768.1449472, 2703696485.634144, 57453550319.72556, 231729319622.89307, 3969827536165.9263, 10216688225151.553, 117724112048905.39, 306690626494270.5, 2159689681181210.2, 4748863105779138.0, 2.4965276456608936e+16, 4.971931703125168e+16, 1.951487828799605e+17, 3.219307657874639e+17, 1.011155786772929e+18, 1.4113779728988554e+18, 3.5096567762834473e+18, 4.186469024967671e+18, 8.320242572617918e+18, 8.353057878097302e+18, 1.327736061177781e+19, 1.1110018456418652e+19, 1.4054260727752137e+19, 9.645966418278343e+18, 9.625833502841113e+18, 5.309274644099528e+18, 4.083756791294013e+18, 1.7444365762628416e+18, 1.0001329872120165e+18, 3.178318211913399e+17, 1.2709649319644075e+17, 2.7603854331750016e+16, 6880215810102876.0, 860599616310022.5, 100677093943046.8, 4038199463714.631]

nonterm_prop = [1.0, 1.0, 1.0, 1.0, 1.0, 1.0, 1.0, 1.0, 1.0, 1.0, 1.0, 1.0, 1.0, 0.9999997333333334, 0.9999994666666666, 0.9999984, 0.9999972, 0.9999914666666667, 0.9999870666666667, 0.9999716, 0.9999552, 0.9999161333333333, 0.9998782, 0.9997937333333333, 0.9997026666666666, 0.9995271333333333, 0.9993555333333334, 0.9990318, 0.9987114, 0.9981572, 0.9975958, 0.9966674, 0.9957362666666667, 0.9942578666666667, 0.9927759333333334, 0.9904981333333334, 0.9882227333333333, 0.9847954, 0.9813702, 0.9763491333333333, 0.9714288666666666, 0.9643291333333334, 0.9572772666666667, 0.9474640666666667, 0.9377757333333333, 0.9245768, 0.9115551333333334, 0.8941226666666666, 0.8769863333333333, 0.8545182]
term_prop = [0.0, 0.0, 0.0, 0.0, 0.0, 0.0, 0.0, 0.0, 0.0, 0.0, 0.0, 0.0, 0.0, 2.6666666666666667e-07, 2.6666666666666667e-07, 1.3333333333333334e-06, 1.4666666666666667e-06, 7.066666666666667e-06, 5.866666666666667e-06, 2.2533333333333333e-05, 2.2266666666666668e-05, 6.16e-05, 6.02e-05, 0.00014606666666666668, 0.00015126666666666667, 0.0003216, 0.0003228666666666667, 0.0006452666666666667, 0.0006431333333333333, 0.0011992666666666666, 0.001204, 0.002127, 0.0021339333333333333, 0.0036039333333333333, 0.003612933333333333, 0.005875866666666667, 0.0058798, 0.0092888, 0.009282666666666666, 0.014277133333333334, 0.014151066666666667, 0.021298133333333334, 0.021092, 0.030931866666666665, 0.030547333333333333, 0.04377586666666667, 0.0430886, 0.060490866666666664, 0.059299333333333336, 0.0815916]
illegal_prop = [0.0, 0.0, 0.0, 0.0, 0.0, 0.0, 0.0, 0.0, 0.0, 0.0, 0.0, 0.0, 0.0, 0.0, 2.6666666666666667e-07, 2.6666666666666667e-07, 1.3333333333333334e-06, 1.4666666666666667e-06, 7.066666666666667e-06, 5.866666666666667e-06, 2.2533333333333333e-05, 2.2266666666666668e-05, 6.16e-05, 6.02e-05, 0.00014606666666666668, 0.00015126666666666667, 0.0003216, 0.00032293333333333334, 0.0006454666666666667, 0.0006435333333333333, 0.0012002, 0.0012056, 0.0021298, 0.0021382, 0.0036111333333333335, 0.003626, 0.005897466666666667, 0.0059158, 0.009347133333333334, 0.009373733333333334, 0.014420066666666667, 0.014372733333333334, 0.021630733333333332, 0.021604066666666668, 0.03167693333333333, 0.03164733333333333, 0.045356266666666666, 0.04538646666666667, 0.06371433333333333, 0.0638902]


Test for 8x8 k=8: 
15 runs and 1000000 samples 

non_term_estimates = [4.147221127949141e+29, 4.1475930478705144e+29, 4.1472434096351355e+29, 4.147430683607006e+29, 4.147347255604499e+29, 4.147461599420228e+29, 4.147383347018858e+29, 4.1474533454634385e+29, 4.14721960993178e+29, 4.1473249360288436e+29, 4.1473493029194444e+29, 4.1474617489327564e+29, 4.147136433813711e+29, 4.1472744583421825e+29, 4.147482784675102e+29] 

Mean:4.14735887274751e+29 
Standard Error: 3.2048469215350047e+24

term_estimates = [5.8860331084203034e+26, 5.694394501363558e+26, 5.8811782669168274e+26, 5.778675241835902e+26, 5.8302095612656696e+26, 5.768312849508297e+26, 5.8044421441928956e+26, 5.763721418813547e+26, 5.895213194509985e+26, 5.836677728469233e+26, 5.835487761351285e+26, 5.7571694737490916e+26, 5.940104924839625e+26, 5.860929811070725e+26, 5.75906913407547e+26] 

Mean:5.819441274692162e+26 
Standard Error: 1.714140047818028e+24

illegal_estimates = [4.7938711747644274e+26, 4.613589860444529e+26, 4.7764443302717034e+26, 4.691673383481728e+26, 4.7235670665600644e+26, 4.671119962588166e+26, 4.713243069272163e+26, 4.683965350073259e+26, 4.786209106034083e+26, 4.7394184750107724e+26, 4.716241551529441e+26, 4.682113825819809e+26, 4.8244934937737136e+26, 4.765644079071008e+26, 4.659178423146748e+26] 

Mean:4.722718210122774e+26 
Standard Error: 1.5010389964879706e+24


states_per_turn = [1, 64.0, 4032.0, 124992.0, 3812256.0, 76245120.0, 1499487360.0, 21742566720.0, 309831575760.0, 3470113648512.0, 38171250133632.0, 343541251202688.0, 3034614385623744.0, 2.2542849721776384e+16, 1.642407622586565e+17, 1.0265047641166031e+18, 6.287341680214194e+18, 3.353248896114237e+19, 1.7511410901929905e+20, 8.055249014887757e+20, 3.6248620566994905e+21, 1.4499448226797962e+22, 5.667966125021021e+22, 1.9837881437573574e+23, 6.777942824504305e+23, 2.0855208690782475e+24, 6.256562607234742e+24, 1.6982098505351444e+25, 4.4881260335571675e+25, 1.0771502480537202e+26, 2.5133505787920137e+26, 5.340869979933029e+26, 1.1015544333611873e+27, 2.0735142275034113e+27, 3.781114179565044e+27, 6.301856965941741e+27, 1.0152991778461693e+28, 1.4962303673522495e+28, 2.126222100974249e+28, 2.764088731266524e+28, 3.455110914083155e+28, 3.9486981875236057e+28, 4.324764681573473e+28, 4.324764681573473e+28, 4.128184468774679e+28, 3.5897256250214596e+28, 2.9654255163220753e+28, 2.2240691372415565e+28, 1.5753823055461025e+28, 1.0082446755495056e+28, 6.049468053297034e+27, 3.257405874852249e+27, 1.6287029374261244e+27, 7.238679721893887e+26, 2.9490917385493613e+26, 1.0532470494819147e+26, 3.3854369447632973e+25, 9.339136399347027e+24, 2.2542743032906618e+24, 4.5085486065813234e+23, 7.5142476776355396e+22, 9.695803455013598e+21, 9.383035601626063e+20, 5.8643972510162895e+19, 1.8326241409425905e+18]

non_terminal_per_turn = [1.0, 64.0, 4032.0, 124992.0, 3812256.0, 76245120.0, 1499487360.0, 21742566720.0, 309831575760.0, 3470113648512.0, 38171250133632.0, 343541251202688.0, 3034614385623744.0, 2.2542849721776384e+16, 1.642407622586565e+17, 1.0265047641166031e+18, 6.287341680214194e+18, 3.353248672564311e+19, 1.7511408567075117e+20, 8.055245792788151e+20, 3.6248598817822563e+21, 1.4499433727349735e+22, 5.667957812004038e+22, 1.9837832504132696e+23, 6.777920683224412e+23, 2.0855073827099608e+24, 6.25650546396293e+24, 1.6981842641733963e+25, 4.488033578160876e+25, 1.0771141276154022e+26, 2.5132334566550418e+26, 5.340480808540492e+26, 1.1014428826155689e+27, 2.07320955914625e+27, 3.780372577037292e+27, 6.300128576637882e+27, 1.0149411156694488e+28, 1.4955014039172755e+28, 2.124905969493746e+28, 2.7618155446939304e+28, 3.4515714984627678e+28, 3.9433721834082737e+28, 4.3175613535198434e+28, 4.315567637001638e+28, 4.117426970473649e+28, 3.5779338549733473e+28, 2.953616401135943e+28, 2.212988824799819e+28, 1.5659640399706256e+28, 1.0007854797908553e+28, 5.996266208151249e+27, 3.222425678964169e+27, 1.608058693373465e+27, 7.127822237424971e+26, 2.8961897513065675e+26, 1.0306119980073788e+26, 3.30067260023611e+25, 9.061389860221354e+24, 2.1765524858564812e+24, 4.325075625595753e+23, 7.162426593769882e+22, 9.164772702812164e+21, 8.795411111895802e+20, 5.4376450630598345e+19, 1.6809064418364908e+18]
term_per_turn = [0.0, 0.0, 0.0, 0.0, 0.0, 0.0, 0.0, 0.0, 0.0, 0.0, 0.0, 0.0, 0.0, 0.0, 0.0, 0.0, 0.0, 2235499264076.158, 11674273934619.938, 268508300496258.56, 966629881786530.8, 1.0632928699651838e+16, 4.1565084916820824e+16, 3.4385661158460864e+17, 1.0392845664239935e+18, 1.028856962078602e+19, 2.6277562950385914e+19, 1.8453880375815235e+20, 4.36844267266231e+20, 2.563617590367854e+21, 5.730439319645791e+21, 2.670434989966515e+22, 5.639958698809279e+22, 1.983661944311597e+23, 3.796238636283304e+23, 1.0952627406806745e+24, 1.815354929988951e+24, 4.612379479091201e+24, 6.602628364225368e+24, 1.4139235223338693e+25, 1.7699381509209975e+25, 3.3005851916780644e+25, 3.5846532857335324e+25, 5.606336615546411e+25, 5.397738799071852e+25, 7.088511534209042e+25, 5.942515039675018e+25, 6.612009273743331e+25, 4.722786101053143e+25, 4.425051448363373e+25, 2.655837464758464e+25, 2.0605698083140357e+25, 1.028829929532917e+25, 6.479052671878342e+24, 2.630963382406247e+24, 1.3137431314067784e+24, 4.208549513933414e+23, 1.5989473168412716e+23, 3.854132776336045e+22, 1.0475312117484599e+22, 1.735430529645283e+21, 3.006280819261516e+20, 2.883256711810063e+19, 2.394476403169792e+18, 7.39355105171306e+16]
illegal_per_turn = [0.0, 0.0, 0.0, 0.0, 0.0, 0.0, 0.0, 0.0, 0.0, 0.0, 0.0, 0.0, 0.0, 0.0, 0.0, 0.0, 0.0, 0.0, 11674273934619.938, 53701660099251.71, 1208287352233163.5, 3866519527146123.0, 4.1565084916820824e+16, 1.4547779720887286e+17, 1.1748434229140795e+18, 3.1977986659199795e+18, 3.086570886235806e+19, 7.132481372247605e+19, 4.8770969564654554e+20, 1.0484262414389544e+21, 5.981774377524993e+21, 1.2212789354113526e+22, 5.515115863028344e+22, 1.0630216273000823e+23, 3.6197866412369354e+23, 6.331265631782802e+23, 1.7652668372152066e+24, 2.6772548706489586e+24, 6.558686440805233e+24, 8.592630502597201e+24, 1.7694774694657867e+25, 2.0254189236537747e+25, 3.618674767895244e+25, 3.5907079562877354e+25, 5.359759501959125e+25, 4.703258513903117e+25, 5.866600146457172e+25, 4.468303167994103e+25, 4.695479474423676e+25, 3.0341443102869792e+25, 2.664347049820102e+25, 1.4374497804939661e+25, 1.035594475733027e+25, 4.6066957750132697e+24, 2.6592353418731395e+24, 9.497620160468183e+23, 4.2678849387852985e+23, 1.1785180744154671e+23, 3.918048967082012e+22, 7.871985981072411e+21, 1.7827803090112907e+21, 2.304026702752821e+20, 2.992988185492546e+19, 1.873045476394762e+18, 7.77821885889691e+16]

nonterm_prop = [1.0, 1.0, 1.0, 1.0, 1.0, 1.0, 1.0, 1.0, 1.0, 1.0, 1.0, 1.0, 1.0, 1.0, 1.0, 1.0, 1.0, 0.9999999333333334, 0.9999998666666666, 0.9999996, 0.9999994, 0.999999, 0.9999985333333333, 0.9999975333333333, 0.9999967333333334, 0.9999935333333333, 0.9999908666666667, 0.9999849333333334, 0.9999794, 0.9999664666666667, 0.9999534, 0.9999271333333334, 0.9998987333333333, 0.9998530666666666, 0.9998038666666667, 0.9997257333333334, 0.9996473333333333, 0.9995128, 0.999381, 0.9991776, 0.9989756, 0.9986512, 0.9983344, 0.9978734, 0.9973941333333334, 0.9967151333333333, 0.9960177333333333, 0.995018, 0.9940216, 0.9926018, 0.9912055333333334, 0.9892613333333333, 0.9873247333333334, 0.9846854, 0.9820616, 0.9785092666666667, 0.9749620666666666, 0.9702599333333334, 0.9655224666666666, 0.9593055333333333, 0.9531794666666666, 0.9452308666666667, 0.9373737333333333, 0.92723, 0.9172128666666667]
term_prop = [0.0, 0.0, 0.0, 0.0, 0.0, 0.0, 0.0, 0.0, 0.0, 0.0, 0.0, 0.0, 0.0, 0.0, 0.0, 0.0, 0.0, 6.666666666666667e-08, 6.666666666666667e-08, 3.3333333333333335e-07, 2.6666666666666667e-07, 7.333333333333333e-07, 7.333333333333333e-07, 1.7333333333333334e-06, 1.5333333333333334e-06, 4.933333333333333e-06, 4.2e-06, 1.0866666666666667e-05, 9.733333333333334e-06, 2.38e-05, 2.28e-05, 5e-05, 5.12e-05, 9.566666666666667e-05, 0.0001004, 0.0001738, 0.0001788, 0.00030826666666666666, 0.0003105333333333333, 0.0005115333333333334, 0.0005122666666666667, 0.0008358666666666666, 0.0008288666666666667, 0.0012963333333333334, 0.0013075333333333334, 0.0019746666666666667, 0.0020039333333333334, 0.0029729333333333332, 0.002997866666666667, 0.004388866666666666, 0.0043902, 0.0063258, 0.006316866666666666, 0.0089506, 0.008921266666666667, 0.012473266666666667, 0.012431333333333334, 0.017120933333333335, 0.017097, 0.023234333333333333, 0.0230952, 0.031006, 0.0307284, 0.040830733333333334, 0.040344066666666664]
illegal_prop = [0.0, 0.0, 0.0, 0.0, 0.0, 0.0, 0.0, 0.0, 0.0, 0.0, 0.0, 0.0, 0.0, 0.0, 0.0, 0.0, 0.0, 0.0, 6.666666666666667e-08, 6.666666666666667e-08, 3.3333333333333335e-07, 2.6666666666666667e-07, 7.333333333333333e-07, 7.333333333333333e-07, 1.7333333333333334e-06, 1.5333333333333334e-06, 4.933333333333333e-06, 4.2e-06, 1.0866666666666667e-05, 9.733333333333334e-06, 2.38e-05, 2.2866666666666666e-05, 5.0066666666666666e-05, 5.126666666666667e-05, 9.573333333333333e-05, 0.00010046666666666666, 0.00017386666666666667, 0.00017893333333333334, 0.00030846666666666667, 0.00031086666666666667, 0.0005121333333333334, 0.0005129333333333333, 0.0008367333333333334, 0.0008302666666666667, 0.0012983333333333334, 0.0013102, 0.0019783333333333332, 0.0020090666666666666, 0.002980533333333333, 0.0030093333333333335, 0.004404266666666667, 0.004412866666666667, 0.0063584, 0.006364, 0.009017133333333333, 0.009017466666666666, 0.0126066, 0.012619133333333333, 0.017380533333333333, 0.017460133333333332, 0.023725333333333334, 0.023763133333333332, 0.03189786666666666, 0.03193926666666667, 0.04244306666666667]