


Test for 2x2 k=2: 
15 runs and 1000000 samples 

non_term_estimates = [16.0, 16.0, 16.0, 16.0, 16.0, 16.0, 16.0, 16.0, 16.0, 16.0, 16.0, 16.0, 16.0, 16.0, 16.0] 

Mean:16.0 
Standard Error: 0.0

term_estimates = [12.0, 12.0, 12.0, 12.0, 12.0, 12.0, 12.0, 12.0, 12.0, 12.0, 12.0, 12.0, 12.0, 12.0, 12.0] 

Mean:12.0 
Standard Error: 0.0

illegal_estimates = [6.0, 6.0, 6.0, 6.0, 6.0, 6.0, 6.0, 6.0, 6.0, 6.0, 6.0, 6.0, 6.0, 6.0, 6.0] 

Mean:6.0 
Standard Error: 0.0


states_per_turn = [1, 4.0, 12.0, 12.0, 6.0]

non_terminal_per_turn = [1.0, 4.0, 12.0, 0.0, 0.0]
term_per_turn = [0.0, 0.0, 0.0, 12.0, 0.0]
illegal_per_turn = [0.0, 0.0, 0.0, 0.0, 6.0]

nonterm_prop = [1.0, 1.0, 1.0, 0.0, 0.0]
term_prop = [0.0, 0.0, 0.0, 1.0, 0.0]
illegal_prop = [0.0, 0.0, 0.0, 0.0, 1.0]


Test for 3x3 k=3: 
15 runs and 1000000 samples 

non_term_estimates = [4532.864381999999, 4532.835612000001, 4532.352822000001, 4533.448685999999, 4533.4347419999995, 4537.428816000001, 4533.8207219999995, 4535.063082, 4535.127804, 4535.193366, 4532.733594, 4533.911232, 4534.365713999999, 4534.863539999999, 4537.154724] 

Mean:4534.3065891999995 
Standard Error: 0.3941878664777161

term_estimates = [943.6050540000001, 943.038726, 943.3039140000001, 942.8243580000001, 942.6842459999999, 940.7460299999999, 942.705414, 942.2622299999999, 942.044712, 941.6782200000001, 942.9712739999999, 942.084276, 942.2531159999999, 942.0993960000001, 940.741326] 

Mean:942.3361527999999 
Standard Error: 0.2144889697262836

illegal_estimates = [568.5305639999999, 569.1256619999999, 569.343264, 568.726956, 568.881012, 566.825154, 568.473864, 567.674688, 567.827484, 568.128414, 569.295132, 569.004492, 568.3811700000001, 568.037064, 567.1039499999999] 

Mean:568.357258 
Standard Error: 0.196831451777403


states_per_turn = [1, 9.0, 72.0, 252.0, 756.0, 1260.0, 1680.0, 1260.0, 630.0, 126.0]

non_terminal_per_turn = [1.0, 9.0, 72.0, 252.0, 756.0, 1139.828928, 1371.730864, 695.7944279999999, 221.95966800000002, 15.992701199999999]
term_per_turn = [0.0, 0.0, 0.0, 0.0, 0.0, 120.171072, 148.04104, 444.18066, 167.92540799999998, 62.0179728]
illegal_per_turn = [0.0, 0.0, 0.0, 0.0, 0.0, 0.0, 160.228096, 120.024912, 240.114924, 47.989326]

nonterm_prop = [1.0, 1.0, 1.0, 1.0, 1.0, 0.9046261333333333, 0.8165064666666667, 0.5522178, 0.35231693333333336, 0.1269262]
term_prop = [0.0, 0.0, 0.0, 0.0, 0.0, 0.09537386666666667, 0.08811966666666667, 0.35252433333333333, 0.26654826666666664, 0.49220613333333335]
illegal_prop = [0.0, 0.0, 0.0, 0.0, 0.0, 0.0, 0.09537386666666667, 0.09525786666666666, 0.3811348, 0.38086766666666666]


Test for 4x4 k=4: 
15 runs and 1000000 samples 

non_term_estimates = [9065274.962938001, 9068163.368458, 9066611.870509999, 9068631.839032, 9069766.066126002, 9067058.790412001, 9063486.096716, 9071687.424708, 9068285.414954001, 9067610.269626, 9070122.714704001, 9069891.628134, 9067764.36328, 9067179.271629998, 9070992.245938001] 

Mean:9068168.421811068 
Standard Error: 557.7617780464876

term_estimates = [655798.122694, 654100.945498, 654546.20946, 653848.0654419999, 653092.42141, 654284.4193599999, 656695.71825, 652097.833244, 654371.4520200001, 654067.4734879999, 652824.017274, 653167.427198, 653805.0410320001, 654269.654896, 652567.1066200001] 

Mean:653969.0605257334 
Standard Error: 306.4604547823246

illegal_estimates = [444704.91436800006, 443513.68604400003, 444619.92003000004, 443298.095526, 442919.51246399997, 444434.79022799997, 445596.18503399997, 441992.742048, 443121.133026, 444100.25688599993, 442831.2680219999, 442718.94466800004, 444208.59568800003, 444329.073474, 442218.647442] 

Mean:443640.51766320004 
Standard Error: 264.7538323214685


states_per_turn = [1, 16.0, 240.0, 1680.0, 10920.0, 43680.0, 160160.0, 400400.0, 900900.0, 1441440.0, 2018016.0, 2018016.0, 1681680.0, 960960.0, 411840.0, 102960.0, 12870.0]

non_terminal_per_turn = [1.0, 16.0, 240.0, 1680.0, 10920.0, 43680.0, 160160.0, 398196.41194666666, 891009.85974, 1394040.1675200001, 1908498.27168, 1800769.9854144, 1415515.797696, 714302.901312, 270340.369728, 53442.671568, 5355.985206]
term_per_turn = [0.0, 0.0, 0.0, 0.0, 0.0, 0.0, 0.0, 2203.5880533333334, 4932.067139999999, 39467.492064000005, 53976.277555199995, 161822.4159552, 127720.905312, 167484.565248, 63503.449152, 29993.202096, 2865.09795]
illegal_per_turn = [0.0, 0.0, 0.0, 0.0, 0.0, 0.0, 0.0, 0.0, 4958.07312, 7932.340415999999, 55541.4507648, 55423.5986304, 138443.29699200002, 79172.53344, 77996.18112000001, 19524.126335999998, 4648.916844]

nonterm_prop = [1.0, 1.0, 1.0, 1.0, 1.0, 1.0, 1.0, 0.9944965333333333, 0.9890219333333333, 0.9671163333333334, 0.94573, 0.8923467333333334, 0.8417272, 0.7433222, 0.6564208666666667, 0.5190624666666667, 0.4161604666666667]
term_prop = [0.0, 0.0, 0.0, 0.0, 0.0, 0.0, 0.0, 0.005503466666666667, 0.0054746, 0.0273806, 0.0267472, 0.08018886666666666, 0.0759484, 0.1742888, 0.15419446666666667, 0.2913092666666667, 0.22261833333333333]
illegal_prop = [0.0, 0.0, 0.0, 0.0, 0.0, 0.0, 0.0, 0.0, 0.005503466666666667, 0.005503066666666666, 0.0275228, 0.0274644, 0.0823244, 0.082389, 0.18938466666666667, 0.18962826666666666, 0.3612212]


Test for 5x5 k=5: 
15 runs and 1000000 samples 

non_term_estimates = [154796365902.10388, 154759722974.72507, 154794824433.9325, 154769550986.33307, 154792674459.19403, 154747393629.7378, 154786051007.13385, 154836609041.89523, 154802514927.60065, 154799650206.32062, 154794787320.80292, 154833716244.12128, 154758448163.52536, 154776426458.8235, 154765738950.47202] 

Mean:154787631647.11478 
Standard Error: 6646557.639482883

term_estimates = [4183572646.2365494, 4204777941.0455103, 4184431566.41535, 4197619968.5722404, 4186393863.21825, 4212310548.4796605, 4189570353.55245, 4163025859.32481, 4180787410.130549, 4180053947.63499, 4185498548.21987, 4164234652.8645897, 4203321077.0748, 4195461867.993621, 4202329821.7417197] 

Mean:4188892671.500331 
Standard Error: 3648972.689186552

illegal_estimates = [3015092676.65956, 3030530309.2294, 3015775224.6522, 3027860270.0947104, 3015962902.58772, 3035327046.7825804, 3019409864.3137097, 2995396323.77992, 3011728887.2688394, 3015327071.0443897, 3014745355.97727, 2997080328.0141196, 3033261984.3998094, 3023142898.18291, 3026962452.786259] 

Mean:3018506906.384894 
Standard Error: 3020147.858440857


states_per_turn = [1, 25.0, 600.0, 6900.0, 75900.0, 531300.0, 3542000.0, 16824500.0, 75710250.0, 257414850.0, 823727520.0, 2059318800.0, 4805077200.0, 8923714800.0, 15297796800.0, 21034470600.0, 26293088250.0, 26293088250.0, 23371634000.0, 16360143800.0, 9816086280.0, 4461857400.0, 1622493600.0, 405623400.0, 67603900.0, 5200300.0]

non_terminal_per_turn = [1.0, 25.0, 600.0, 6900.0, 75900.0, 531300.0, 3542000.0, 16824500.0, 75710250.0, 257356365.34608, 823356842.616, 2056042561.0771198, 4792013796.7856, 8869052882.44976, 15152695157.64576, 20669910971.64708, 25630810931.6688, 25221536225.7144, 22059576955.091866, 14993946364.930866, 8734646745.720896, 3774909834.696, 1305171710.0240002, 300619237.77704, 46166712.323853336, 3126876.599653333]
term_per_turn = [0.0, 0.0, 0.0, 0.0, 0.0, 0.0, 0.0, 0.0, 0.0, 58484.65392, 183526.491456, 2817422.6942399996, 6488135.57392, 42593485.65472, 71983272.91584, 265135295.01887998, 329336706.1842, 738306412.3149, 647793137.6869334, 899998777.3443333, 526105577.88588804, 433766011.19852, 150306833.60784, 63144611.548200004, 9707248.507926665, 1167732.2186133333]
illegal_per_turn = [0.0, 0.0, 0.0, 0.0, 0.0, 0.0, 0.0, 0.0, 0.0, 0.0, 187150.892544, 458816.22864, 6575267.6404800005, 12068431.89552, 73118369.4384, 99424333.33404, 332940612.14699996, 333245611.97069997, 664263907.2212, 466198657.7248, 555333956.393216, 253181554.10548, 167015056.36816, 41859550.67476, 11729939.16822, 905691.1817333334]

nonterm_prop = [1.0, 1.0, 1.0, 1.0, 1.0, 1.0, 1.0, 1.0, 1.0, 0.9997728, 0.99955, 0.9984090666666666, 0.9972813333333334, 0.9938745333333333, 0.9905148666666667, 0.9826684666666666, 0.9748117333333334, 0.9592458666666667, 0.9438611333333333, 0.9164923333333334, 0.8898298666666666, 0.84604, 0.8044233333333334, 0.7411289333333333, 0.6829001333333333, 0.6012877333333333]
term_prop = [0.0, 0.0, 0.0, 0.0, 0.0, 0.0, 0.0, 0.0, 0.0, 0.0002272, 0.0002228, 0.0013681333333333333, 0.0013502666666666667, 0.004773066666666667, 0.0047054666666666665, 0.0126048, 0.0125256, 0.028079866666666668, 0.02771706666666667, 0.05501166666666667, 0.05359626666666667, 0.09721646666666667, 0.0926394, 0.155673, 0.14359006666666665, 0.22455093333333334]
illegal_prop = [0.0, 0.0, 0.0, 0.0, 0.0, 0.0, 0.0, 0.0, 0.0, 0.0, 0.0002272, 0.0002228, 0.0013684, 0.0013524, 0.0047796666666666664, 0.0047267333333333335, 0.012662666666666666, 0.012674266666666666, 0.0284218, 0.028496, 0.05657386666666667, 0.05674353333333333, 0.10293726666666667, 0.10319806666666667, 0.1735098, 0.17416133333333333]


Test for 6x6 k=6: 
15 runs and 1000000 samples 

non_term_estimates = [2.3654275445812244e+16, 2.3651206189935572e+16, 2.3652750957983812e+16, 2.3648895751385224e+16, 2.3652633648482416e+16, 2.365552347923431e+16, 2.364749398071032e+16, 2.365359864133836e+16, 2.364460485350727e+16, 2.364699160473035e+16, 2.3650031455959384e+16, 2.3650389085711696e+16, 2.3650203252181004e+16, 2.3652763467440376e+16, 2.3653899977635252e+16] 

Mean:2.365101745280318e+16 
Standard Error: 789414811509.47

term_estimates = [238347341561944.56, 239659479339398.97, 239133014881855.9, 241042873403500.06, 239084387662735.88, 237423527756339.2, 241688036611071.2, 238777567057241.2, 243597586111879.3, 242324955045994.1, 240696192184260.78, 240091470710701.1, 240214305264229.94, 238905463415131.78, 238237752995788.47] 

Mean:239948263600138.2 
Standard Error: 434561856217.6167

illegal_estimates = [180027591255620.72, 181784709354825.0, 180766405764123.2, 182711753841071.97, 180932342484646.66, 179703371639145.62, 183468361308402.78, 180274170234205.6, 184447939010648.53, 183333818853452.38, 181922730486154.28, 182169822207399.97, 182232821184561.6, 180981447774284.0, 180512647998757.7] 

Mean:181684662226486.66 
Standard Error: 359448335481.9901


states_per_turn = [1, 36.0, 1260.0, 21420.0, 353430.0, 3769920.0, 38955840.0, 292168800.0, 2118223800.0, 11862053280.0, 64055087712.0, 277572046752.0, 1156550194800.0, 3965314953600.0, 13028891990400.0, 35829452973600.0, 94052314055700.0, 209005142346000.0, 441233078286000.0, 794219540914800.0, 1350173219555160.0, 1963888319352960.0, 2678029526390400.0, 3124367780788800.0, 3384731762521200.0, 3124367780788800.0, 2643695814513600.0, 1888354153224000.0, 1213941955644000.0, 647435709676800.0, 302136664515840.0, 113301249193440.0, 35406640372950.0, 8330974205400.0, 1470171918600.0, 163352435400.0, 9075135300.0]

non_terminal_per_turn = [1.0, 36.0, 1260.0, 21420.0, 353430.0, 3769920.0, 38955840.0, 292168800.0, 2118223800.0, 11862053280.0, 64055087712.0, 277569974214.0509, 1156533925993.9265, 3965078620828.765, 13027563043416.979, 35820402453778.87, 94014348271592.84, 208834468746760.28, 440697244835729.5, 792539607741857.0, 1346100467044145.8, 1954417926173488.2, 2660275618912846.0, 3093354681323134.0, 3340016973801669.0, 3065440954696011.0, 2578989596989503.5, 1824941835965692.5, 1162259428965484.8, 610845880544415.6, 280920184799763.1, 103024410453681.28, 31487011982415.242, 7170025179963.492, 1224575289082.1143, 129810419516.49156, 6882012693.02316]
term_per_turn = [0.0, 0.0, 0.0, 0.0, 0.0, 0.0, 0.0, 0.0, 0.0, 0.0, 0.0, 2072537.9490816, 7633231.285680001, 210161692.5408, 638415707.5296, 7294876625.424959, 18810462811.14, 128844703418.23079, 263622056506.60883, 1204831043567.7515, 2023189563729.422, 6523251441562.792, 8847138343383.324, 20652487613384.74, 22256867826418.57, 38228722709804.83, 32124605320480.56, 40160131337722.336, 25519002214765.91, 22655501976817.035, 10393319977346.186, 6221099670213.727, 1897007536131.1492, 684792194726.871, 116687349156.35951, 19184556510.03276, 1012541885.8539599]
illegal_per_turn = [0.0, 0.0, 0.0, 0.0, 0.0, 0.0, 0.0, 0.0, 0.0, 0.0, 0.0, 0.0, 8635574.78784, 26171078.69376, 690531275.4912, 1755643195.7064, 19155321296.0109, 41828895821.5128, 272211393763.9096, 475102129375.2334, 2049562947284.733, 2947141737909.009, 8906769134170.951, 10360611852281.047, 22457920893112.33, 20698103382984.254, 32581612203616.145, 23252185920585.28, 26163524463749.164, 13934327155567.316, 10823159738730.72, 4055739069544.991, 2022620854403.6094, 476156830709.63696, 128909280361.52628, 14357459373.47568, 1180580721.12288]

nonterm_prop = [1.0, 1.0, 1.0, 1.0, 1.0, 1.0, 1.0, 1.0, 1.0, 1.0, 1.0, 0.9999925333333334, 0.9999859333333333, 0.9999404, 0.999898, 0.9997474, 0.9995963333333333, 0.9991834, 0.9987856, 0.9978848, 0.9969835333333333, 0.9951777333333334, 0.9933705333333334, 0.9900738, 0.9867892666666667, 0.9811396, 0.9755243333333333, 0.9664192666666667, 0.9574258666666666, 0.943485, 0.9297785333333334, 0.9092963333333334, 0.8892968, 0.8606466666666667, 0.832947, 0.7946647333333333, 0.7583372]
term_prop = [0.0, 0.0, 0.0, 0.0, 0.0, 0.0, 0.0, 0.0, 0.0, 0.0, 0.0, 7.466666666666667e-06, 6.6e-06, 5.3e-05, 4.9e-05, 0.0002036, 0.0002, 0.0006164666666666666, 0.0005974666666666667, 0.001517, 0.0014984666666666667, 0.0033216, 0.0033036, 0.006610133333333333, 0.006575666666666666, 0.012235666666666667, 0.0121514, 0.021267266666666666, 0.0210216, 0.034992666666666665, 0.0343994, 0.0549076, 0.053577733333333336, 0.08219833333333333, 0.07936986666666666, 0.11744273333333333, 0.1115732]
illegal_prop = [0.0, 0.0, 0.0, 0.0, 0.0, 0.0, 0.0, 0.0, 0.0, 0.0, 0.0, 0.0, 7.466666666666667e-06, 6.6e-06, 5.3e-05, 4.9e-05, 0.00020366666666666667, 0.00020013333333333334, 0.0006169333333333333, 0.0005982, 0.001518, 0.0015006666666666666, 0.0033258666666666666, 0.0033160666666666666, 0.0066350666666666665, 0.006624733333333333, 0.012324266666666667, 0.012313466666666667, 0.021552533333333332, 0.021522333333333334, 0.035822066666666666, 0.03579606666666667, 0.057125466666666666, 0.057155, 0.08768313333333333, 0.08789253333333333, 0.1300896]


Test for 7x7 k=7: 
15 runs and 1000000 samples 

non_term_estimates = [3.281066578617297e+22, 3.2808355419365164e+22, 3.280567618779446e+22, 3.2808844129516156e+22, 3.2808690706626397e+22, 3.2808955681584754e+22, 3.2809114170434144e+22, 3.280729831761958e+22, 3.2805173359709855e+22, 3.2805402264433357e+22, 3.280774107772785e+22, 3.280664029911037e+22, 3.280777048627232e+22, 3.2808178140277086e+22, 3.2806337792609658e+22] 

Mean:3.2807656254616946e+22 
Standard Error: 4.035462843286654e+17

term_estimates = [1.227398116729939e+20, 1.2394113526115192e+20, 1.2530631369233046e+20, 1.2350458921691573e+20, 1.237142441499235e+20, 1.2355932533248324e+20, 1.2338754320481757e+20, 1.243027177832279e+20, 1.254157378159996e+20, 1.2551824241660941e+20, 1.2426856325626877e+20, 1.2470611917620524e+20, 1.2428116708421178e+20, 1.2387737418468712e+20, 1.2490058192709678e+20] 

Mean:1.2422823107832819e+20 
Standard Error: 2.1032765252883978e+17

illegal_estimates = [9.620137786501744e+19, 9.731042108466551e+19, 9.862447422419694e+19, 9.725825697790697e+19, 9.720202493466708e+19, 9.70919687937417e+19, 9.710526207202704e+19, 9.800594030817342e+19, 9.901787818513885e+19, 9.868646886102224e+19, 9.7597334726864e+19, 9.82605574244011e+19, 9.755532235445099e+19, 9.755146124921897e+19, 9.836860117423325e+19] 

Mean:9.772249001571505e+19 
Standard Error: 1.955401276659136e+17


states_per_turn = [1, 49.0, 2352.0, 55272.0, 1271256.0, 19068840.0, 279676320.0, 3006520440.0, 31568464620.0, 258861409884.0, 2070891279072.0, 13460793313968.0, 85251690988464.0, 450616080939024.0, 2317454130543552.0, 1.013886182112804e+16, 4.309016273979417e+16, 1.5799726337924528e+17, 5.617680475706499e+17, 1.7414809474690148e+18, 5.224442842407044e+18, 1.3773531129982208e+19, 3.505989742177289e+19, 7.8884769198989e+19, 1.7091699993114286e+20, 3.2868653832912083e+20, 6.068059169153e+20, 9.968954349322787e+20, 1.566549969179295e+21, 2.193169956851013e+21, 2.924226609134684e+21, 3.4725190983474374e+21, 3.906583985640867e+21, 3.906583985640867e+21, 3.6767849276619924e+21, 3.063987439718327e+21, 2.383101342003143e+21, 1.6305430234758347e+21, 1.0298166464057905e+21, 5.6639915552318475e+20, 2.8319957776159238e+20, 1.2137124761211101e+20, 4.6236665756994675e+19, 1.4711666377225578e+19, 4.0122726483342484e+18, 8.722331844204888e+17, 1.516927277253024e+17, 1.89615909656628e+16, 1580132580471900.0, 63205303218876.0]

non_terminal_per_turn = [1.0, 49.0, 2352.0, 55272.0, 1271256.0, 19068840.0, 279676320.0, 3006520440.0, 31568464620.0, 258861409884.0, 2070891279072.0, 13460793313968.0, 85251690988464.0, 450615960774735.75, 2317452894568015.5, 1.0138845598949126e+16, 4.30900420873385e+16, 1.579959151359311e+17, 5.617607820372347e+17, 1.7414314894101066e+18, 5.224208787367705e+18, 1.3772375989838107e+19, 3.505562712626692e+19, 7.886849790059556e+19, 1.7086618060983e+20, 3.2853111342136295e+20, 6.064148507287121e+20, 9.959302407721773e+20, 1.5645313128890106e+21, 2.189128383254528e+21, 2.9171961835210025e+21, 3.4609465812002847e+21, 3.889927353281824e+21, 3.8841518595174527e+21, 3.650223588225567e+21, 3.034873839597782e+21, 2.3550349220046808e+21, 1.605751269021094e+21, 1.0106313682465798e+21, 5.530033246157933e+20, 2.751082448654222e+20, 1.1704183002137241e+20, 4.426130901563612e+19, 1.3938775253209416e+19, 3.762611925124925e+18, 8.064465665053053e+17, 1.3827628464733507e+17, 1.6953988278460996e+16, 1385754677928589.8, 54010081937048.125]
term_per_turn = [0.0, 0.0, 0.0, 0.0, 0.0, 0.0, 0.0, 0.0, 0.0, 0.0, 0.0, 0.0, 0.0, 120164288.2504064, 617987768.1449472, 13518482428.170721, 63198905351.69811, 1116513994546.6667, 3295705879081.146, 39241370682968.47, 116330927290930.19, 848449517606904.1, 2110605824790728.0, 1.152243528766566e+16, 2.5854044856250876e+16, 1.0570559072664526e+17, 1.9591740370805322e+17, 6.432633943139684e+17, 1.0075005035115107e+18, 2.6301956235861914e+18, 3.5207688373981594e+18, 7.386048122184999e+18, 8.336389786425234e+18, 1.4079068245317308e+19, 1.32839788246476e+19, 1.800358166412626e+19, 1.4012159270710082e+19, 1.5145788036462334e+19, 9.559444656369484e+18, 8.086556263291912e+18, 4.0075761048761446e+18, 2.5849810144757555e+18, 9.752237541465317e+17, 4.5505930282482464e+17, 1.225642300128824e+17, 3.81827635834334e+16, 6536227267864465.0, 1147003070891779.5, 93700808600263.36, 5157021818113.243]
illegal_per_turn = [0.0, 0.0, 0.0, 0.0, 0.0, 0.0, 0.0, 0.0, 0.0, 0.0, 0.0, 0.0, 0.0, 0.0, 617987768.1449472, 2703696485.634144, 57453550319.72556, 231729319622.89307, 3969827536165.9263, 10216688225151.553, 117724112048905.39, 306690626494270.5, 2159689681181210.2, 4748863105779138.0, 2.4965276456608936e+16, 4.971931703125168e+16, 1.951487828799605e+17, 3.219307657874639e+17, 1.011155786772929e+18, 1.4113779728988554e+18, 3.5096567762834473e+18, 4.186469024967671e+18, 8.320242572617918e+18, 8.353057878097302e+18, 1.327736061177781e+19, 1.1110018456418652e+19, 1.4054260727752137e+19, 9.645966418278343e+18, 9.625833502841113e+18, 5.309274644099528e+18, 4.083756791294013e+18, 1.7444365762628416e+18, 1.0001329872120165e+18, 3.178318211913399e+17, 1.2709649319644075e+17, 2.7603854331750016e+16, 6880215810102876.0, 860599616310022.5, 100677093943046.8, 4038199463714.631]

nonterm_prop = [1.0, 1.0, 1.0, 1.0, 1.0, 1.0, 1.0, 1.0, 1.0, 1.0, 1.0, 1.0, 1.0, 0.9999997333333334, 0.9999994666666666, 0.9999984, 0.9999972, 0.9999914666666667, 0.9999870666666667, 0.9999716, 0.9999552, 0.9999161333333333, 0.9998782, 0.9997937333333333, 0.9997026666666666, 0.9995271333333333, 0.9993555333333334, 0.9990318, 0.9987114, 0.9981572, 0.9975958, 0.9966674, 0.9957362666666667, 0.9942578666666667, 0.9927759333333334, 0.9904981333333334, 0.9882227333333333, 0.9847954, 0.9813702, 0.9763491333333333, 0.9714288666666666, 0.9643291333333334, 0.9572772666666667, 0.9474640666666667, 0.9377757333333333, 0.9245768, 0.9115551333333334, 0.8941226666666666, 0.8769863333333333, 0.8545182]
term_prop = [0.0, 0.0, 0.0, 0.0, 0.0, 0.0, 0.0, 0.0, 0.0, 0.0, 0.0, 0.0, 0.0, 2.6666666666666667e-07, 2.6666666666666667e-07, 1.3333333333333334e-06, 1.4666666666666667e-06, 7.066666666666667e-06, 5.866666666666667e-06, 2.2533333333333333e-05, 2.2266666666666668e-05, 6.16e-05, 6.02e-05, 0.00014606666666666668, 0.00015126666666666667, 0.0003216, 0.0003228666666666667, 0.0006452666666666667, 0.0006431333333333333, 0.0011992666666666666, 0.001204, 0.002127, 0.0021339333333333333, 0.0036039333333333333, 0.003612933333333333, 0.005875866666666667, 0.0058798, 0.0092888, 0.009282666666666666, 0.014277133333333334, 0.014151066666666667, 0.021298133333333334, 0.021092, 0.030931866666666665, 0.030547333333333333, 0.04377586666666667, 0.0430886, 0.060490866666666664, 0.059299333333333336, 0.0815916]
illegal_prop = [0.0, 0.0, 0.0, 0.0, 0.0, 0.0, 0.0, 0.0, 0.0, 0.0, 0.0, 0.0, 0.0, 0.0, 2.6666666666666667e-07, 2.6666666666666667e-07, 1.3333333333333334e-06, 1.4666666666666667e-06, 7.066666666666667e-06, 5.866666666666667e-06, 2.2533333333333333e-05, 2.2266666666666668e-05, 6.16e-05, 6.02e-05, 0.00014606666666666668, 0.00015126666666666667, 0.0003216, 0.00032293333333333334, 0.0006454666666666667, 0.0006435333333333333, 0.0012002, 0.0012056, 0.0021298, 0.0021382, 0.0036111333333333335, 0.003626, 0.005897466666666667, 0.0059158, 0.009347133333333334, 0.009373733333333334, 0.014420066666666667, 0.014372733333333334, 0.021630733333333332, 0.021604066666666668, 0.03167693333333333, 0.03164733333333333, 0.045356266666666666, 0.04538646666666667, 0.06371433333333333, 0.0638902]


Test for 8x8 k=8: 
15 runs and 1000000 samples 

non_term_estimates = [4.147221127949141e+29, 4.1475930478705144e+29, 4.1472434096351355e+29, 4.147430683607006e+29, 4.147347255604499e+29, 4.147461599420228e+29, 4.147383347018858e+29, 4.1474533454634385e+29, 4.14721960993178e+29, 4.1473249360288436e+29, 4.1473493029194444e+29, 4.1474617489327564e+29, 4.147136433813711e+29, 4.1472744583421825e+29, 4.147482784675102e+29] 

Mean:4.14735887274751e+29 
Standard Error: 3.2048469215350047e+24

term_estimates = [5.8860331084203034e+26, 5.694394501363558e+26, 5.8811782669168274e+26, 5.778675241835902e+26, 5.8302095612656696e+26, 5.768312849508297e+26, 5.8044421441928956e+26, 5.763721418813547e+26, 5.895213194509985e+26, 5.836677728469233e+26, 5.835487761351285e+26, 5.7571694737490916e+26, 5.940104924839625e+26, 5.860929811070725e+26, 5.75906913407547e+26] 

Mean:5.819441274692162e+26 
Standard Error: 1.714140047818028e+24

illegal_estimates = [4.7938711747644274e+26, 4.613589860444529e+26, 4.7764443302717034e+26, 4.691673383481728e+26, 4.7235670665600644e+26, 4.671119962588166e+26, 4.713243069272163e+26, 4.683965350073259e+26, 4.786209106034083e+26, 4.7394184750107724e+26, 4.716241551529441e+26, 4.682113825819809e+26, 4.8244934937737136e+26, 4.765644079071008e+26, 4.659178423146748e+26] 

Mean:4.722718210122774e+26 
Standard Error: 1.5010389964879706e+24


states_per_turn = [1, 64.0, 4032.0, 124992.0, 3812256.0, 76245120.0, 1499487360.0, 21742566720.0, 309831575760.0, 3470113648512.0, 38171250133632.0, 343541251202688.0, 3034614385623744.0, 2.2542849721776384e+16, 1.642407622586565e+17, 1.0265047641166031e+18, 6.287341680214194e+18, 3.353248896114237e+19, 1.7511410901929905e+20, 8.055249014887757e+20, 3.6248620566994905e+21, 1.4499448226797962e+22, 5.667966125021021e+22, 1.9837881437573574e+23, 6.777942824504305e+23, 2.0855208690782475e+24, 6.256562607234742e+24, 1.6982098505351444e+25, 4.4881260335571675e+25, 1.0771502480537202e+26, 2.5133505787920137e+26, 5.340869979933029e+26, 1.1015544333611873e+27, 2.0735142275034113e+27, 3.781114179565044e+27, 6.301856965941741e+27, 1.0152991778461693e+28, 1.4962303673522495e+28, 2.126222100974249e+28, 2.764088731266524e+28, 3.455110914083155e+28, 3.9486981875236057e+28, 4.324764681573473e+28, 4.324764681573473e+28, 4.128184468774679e+28, 3.5897256250214596e+28, 2.9654255163220753e+28, 2.2240691372415565e+28, 1.5753823055461025e+28, 1.0082446755495056e+28, 6.049468053297034e+27, 3.257405874852249e+27, 1.6287029374261244e+27, 7.238679721893887e+26, 2.9490917385493613e+26, 1.0532470494819147e+26, 3.3854369447632973e+25, 9.339136399347027e+24, 2.2542743032906618e+24, 4.5085486065813234e+23, 7.5142476776355396e+22, 9.695803455013598e+21, 9.383035601626063e+20, 5.8643972510162895e+19, 1.8326241409425905e+18]

non_terminal_per_turn = [1.0, 64.0, 4032.0, 124992.0, 3812256.0, 76245120.0, 1499487360.0, 21742566720.0, 309831575760.0, 3470113648512.0, 38171250133632.0, 343541251202688.0, 3034614385623744.0, 2.2542849721776384e+16, 1.642407622586565e+17, 1.0265047641166031e+18, 6.287341680214194e+18, 3.353248672564311e+19, 1.7511408567075117e+20, 8.055245792788151e+20, 3.6248598817822563e+21, 1.4499433727349735e+22, 5.667957812004038e+22, 1.9837832504132696e+23, 6.777920683224412e+23, 2.0855073827099608e+24, 6.25650546396293e+24, 1.6981842641733963e+25, 4.488033578160876e+25, 1.0771141276154022e+26, 2.5132334566550418e+26, 5.340480808540492e+26, 1.1014428826155689e+27, 2.07320955914625e+27, 3.780372577037292e+27, 6.300128576637882e+27, 1.0149411156694488e+28, 1.4955014039172755e+28, 2.124905969493746e+28, 2.7618155446939304e+28, 3.4515714984627678e+28, 3.9433721834082737e+28, 4.3175613535198434e+28, 4.315567637001638e+28, 4.117426970473649e+28, 3.5779338549733473e+28, 2.953616401135943e+28, 2.212988824799819e+28, 1.5659640399706256e+28, 1.0007854797908553e+28, 5.996266208151249e+27, 3.222425678964169e+27, 1.608058693373465e+27, 7.127822237424971e+26, 2.8961897513065675e+26, 1.0306119980073788e+26, 3.30067260023611e+25, 9.061389860221354e+24, 2.1765524858564812e+24, 4.325075625595753e+23, 7.162426593769882e+22, 9.164772702812164e+21, 8.795411111895802e+20, 5.4376450630598345e+19, 1.6809064418364908e+18]
term_per_turn = [0.0, 0.0, 0.0, 0.0, 0.0, 0.0, 0.0, 0.0, 0.0, 0.0, 0.0, 0.0, 0.0, 0.0, 0.0, 0.0, 0.0, 2235499264076.158, 11674273934619.938, 268508300496258.56, 966629881786530.8, 1.0632928699651838e+16, 4.1565084916820824e+16, 3.4385661158460864e+17, 1.0392845664239935e+18, 1.028856962078602e+19, 2.6277562950385914e+19, 1.8453880375815235e+20, 4.36844267266231e+20, 2.563617590367854e+21, 5.730439319645791e+21, 2.670434989966515e+22, 5.639958698809279e+22, 1.983661944311597e+23, 3.796238636283304e+23, 1.0952627406806745e+24, 1.815354929988951e+24, 4.612379479091201e+24, 6.602628364225368e+24, 1.4139235223338693e+25, 1.7699381509209975e+25, 3.3005851916780644e+25, 3.5846532857335324e+25, 5.606336615546411e+25, 5.397738799071852e+25, 7.088511534209042e+25, 5.942515039675018e+25, 6.612009273743331e+25, 4.722786101053143e+25, 4.425051448363373e+25, 2.655837464758464e+25, 2.0605698083140357e+25, 1.028829929532917e+25, 6.479052671878342e+24, 2.630963382406247e+24, 1.3137431314067784e+24, 4.208549513933414e+23, 1.5989473168412716e+23, 3.854132776336045e+22, 1.0475312117484599e+22, 1.735430529645283e+21, 3.006280819261516e+20, 2.883256711810063e+19, 2.394476403169792e+18, 7.39355105171306e+16]
illegal_per_turn = [0.0, 0.0, 0.0, 0.0, 0.0, 0.0, 0.0, 0.0, 0.0, 0.0, 0.0, 0.0, 0.0, 0.0, 0.0, 0.0, 0.0, 0.0, 11674273934619.938, 53701660099251.71, 1208287352233163.5, 3866519527146123.0, 4.1565084916820824e+16, 1.4547779720887286e+17, 1.1748434229140795e+18, 3.1977986659199795e+18, 3.086570886235806e+19, 7.132481372247605e+19, 4.8770969564654554e+20, 1.0484262414389544e+21, 5.981774377524993e+21, 1.2212789354113526e+22, 5.515115863028344e+22, 1.0630216273000823e+23, 3.6197866412369354e+23, 6.331265631782802e+23, 1.7652668372152066e+24, 2.6772548706489586e+24, 6.558686440805233e+24, 8.592630502597201e+24, 1.7694774694657867e+25, 2.0254189236537747e+25, 3.618674767895244e+25, 3.5907079562877354e+25, 5.359759501959125e+25, 4.703258513903117e+25, 5.866600146457172e+25, 4.468303167994103e+25, 4.695479474423676e+25, 3.0341443102869792e+25, 2.664347049820102e+25, 1.4374497804939661e+25, 1.035594475733027e+25, 4.6066957750132697e+24, 2.6592353418731395e+24, 9.497620160468183e+23, 4.2678849387852985e+23, 1.1785180744154671e+23, 3.918048967082012e+22, 7.871985981072411e+21, 1.7827803090112907e+21, 2.304026702752821e+20, 2.992988185492546e+19, 1.873045476394762e+18, 7.77821885889691e+16]

nonterm_prop = [1.0, 1.0, 1.0, 1.0, 1.0, 1.0, 1.0, 1.0, 1.0, 1.0, 1.0, 1.0, 1.0, 1.0, 1.0, 1.0, 1.0, 0.9999999333333334, 0.9999998666666666, 0.9999996, 0.9999994, 0.999999, 0.9999985333333333, 0.9999975333333333, 0.9999967333333334, 0.9999935333333333, 0.9999908666666667, 0.9999849333333334, 0.9999794, 0.9999664666666667, 0.9999534, 0.9999271333333334, 0.9998987333333333, 0.9998530666666666, 0.9998038666666667, 0.9997257333333334, 0.9996473333333333, 0.9995128, 0.999381, 0.9991776, 0.9989756, 0.9986512, 0.9983344, 0.9978734, 0.9973941333333334, 0.9967151333333333, 0.9960177333333333, 0.995018, 0.9940216, 0.9926018, 0.9912055333333334, 0.9892613333333333, 0.9873247333333334, 0.9846854, 0.9820616, 0.9785092666666667, 0.9749620666666666, 0.9702599333333334, 0.9655224666666666, 0.9593055333333333, 0.9531794666666666, 0.9452308666666667, 0.9373737333333333, 0.92723, 0.9172128666666667]
term_prop = [0.0, 0.0, 0.0, 0.0, 0.0, 0.0, 0.0, 0.0, 0.0, 0.0, 0.0, 0.0, 0.0, 0.0, 0.0, 0.0, 0.0, 6.666666666666667e-08, 6.666666666666667e-08, 3.3333333333333335e-07, 2.6666666666666667e-07, 7.333333333333333e-07, 7.333333333333333e-07, 1.7333333333333334e-06, 1.5333333333333334e-06, 4.933333333333333e-06, 4.2e-06, 1.0866666666666667e-05, 9.733333333333334e-06, 2.38e-05, 2.28e-05, 5e-05, 5.12e-05, 9.566666666666667e-05, 0.0001004, 0.0001738, 0.0001788, 0.00030826666666666666, 0.0003105333333333333, 0.0005115333333333334, 0.0005122666666666667, 0.0008358666666666666, 0.0008288666666666667, 0.0012963333333333334, 0.0013075333333333334, 0.0019746666666666667, 0.0020039333333333334, 0.0029729333333333332, 0.002997866666666667, 0.004388866666666666, 0.0043902, 0.0063258, 0.006316866666666666, 0.0089506, 0.008921266666666667, 0.012473266666666667, 0.012431333333333334, 0.017120933333333335, 0.017097, 0.023234333333333333, 0.0230952, 0.031006, 0.0307284, 0.040830733333333334, 0.040344066666666664]
illegal_prop = [0.0, 0.0, 0.0, 0.0, 0.0, 0.0, 0.0, 0.0, 0.0, 0.0, 0.0, 0.0, 0.0, 0.0, 0.0, 0.0, 0.0, 0.0, 6.666666666666667e-08, 6.666666666666667e-08, 3.3333333333333335e-07, 2.6666666666666667e-07, 7.333333333333333e-07, 7.333333333333333e-07, 1.7333333333333334e-06, 1.5333333333333334e-06, 4.933333333333333e-06, 4.2e-06, 1.0866666666666667e-05, 9.733333333333334e-06, 2.38e-05, 2.2866666666666666e-05, 5.0066666666666666e-05, 5.126666666666667e-05, 9.573333333333333e-05, 0.00010046666666666666, 0.00017386666666666667, 0.00017893333333333334, 0.00030846666666666667, 0.00031086666666666667, 0.0005121333333333334, 0.0005129333333333333, 0.0008367333333333334, 0.0008302666666666667, 0.0012983333333333334, 0.0013102, 0.0019783333333333332, 0.0020090666666666666, 0.002980533333333333, 0.0030093333333333335, 0.004404266666666667, 0.004412866666666667, 0.0063584, 0.006364, 0.009017133333333333, 0.009017466666666666, 0.0126066, 0.012619133333333333, 0.017380533333333333, 0.017460133333333332, 0.023725333333333334, 0.023763133333333332, 0.03189786666666666, 0.03193926666666667, 0.04244306666666667]


Test for 9x9 k=9: 
15 runs and 1000000 samples 

non_term_estimates = [4.776816274028988e+37, 4.777322742835587e+37, 4.777232248354066e+37, 4.777194610965695e+37, 4.777046470644881e+37, 4.776978660691945e+37, 4.777267448208842e+37, 4.777010043321504e+37, 4.777015867217471e+37, 4.777015643434555e+37, 4.776980497855952e+37, 4.777072827337103e+37, 4.777217260465657e+37, 4.777124974935321e+37, 4.777017408281582e+37] 

Mean:4.777087531905277e+37 
Standard Error: 3.5074900280618876e+32

term_estimates = [2.5916291321930584e+34, 2.3286298507639947e+34, 2.3739192203176385e+34, 2.393403445536293e+34, 2.4717805847092903e+34, 2.5113544684288013e+34, 2.3512546580420906e+34, 2.492016072702174e+34, 2.494406547003767e+34, 2.49427709992108e+34, 2.5032063076829127e+34, 2.4542927649281106e+34, 2.3790312935865773e+34, 2.4323269899495926e+34, 2.4833779965281337e+34] 

Mean:2.4503270954862345e+34 
Standard Error: 1.8616282833473424e+32

illegal_estimates = [2.166315147360996e+34, 1.9228456221902788e+34, 1.9680507341588464e+34, 1.9862038973096103e+34, 2.0559670789528416e+34, 2.084203148165863e+34, 1.9555154416578268e+34, 2.072158914335293e+34, 2.0639445440681994e+34, 2.0642977740669644e+34, 2.090514144907656e+34, 2.0470982065096423e+34, 1.9779265492987272e+34, 2.0169163832722096e+34, 2.0734320304301978e+34] 

Mean:2.03635930777901e+34 
Standard Error: 1.6504359970992163e+32


states_per_turn = [1, 81.0, 6480.0, 255960.0, 9982440.0, 256215960.0, 6490804320.0, 121702581000.0, 2251497748500.0, 32871867128100.0, 473354886644640.0, 5601366158628240.0, 6.53492718506628e+16, 6.441571082422476e+17, 6.257526194353263e+18, 5.240678187770857e+19, 4.323559504910957e+20, 3.1225707535468027e+21, 2.220494758077726e+22, 1.3989116975889675e+23, 8.673252525051599e+23, 4.80971276389225e+24, 2.6234796893957726e+25, 1.2898775139529217e+26, 6.234407984105788e+26, 2.733548116107922e+27, 1.1775284192464895e+28, 4.626004504182638e+28, 1.7843160230418745e+29, 6.304583281414623e+29, 2.1855888708904028e+30, 6.966564525963159e+30, 2.177051414363487e+31, 6.275030547282992e+31, 1.771773330997551e+32, 4.626297030938049e+32, 1.1822759079063904e+33, 2.8001271503046086e+33, 6.484504979652778e+33, 1.3941685706253473e+34, 2.927753998313229e+34, 5.716091139563924e+34, 1.0887792646788426e+35, 1.9301086964761303e+35, 3.333824112095134e+35, 5.363108354239998e+35, 8.394430467506084e+35, 1.2241877765113039e+36, 1.7342660167243472e+36, 2.2892311420761384e+36, 2.930215861857457e+36, 3.4937189122146604e+36, 4.0312141294784545e+36, 4.329822583513895e+36, 4.490186382903299e+36, 4.329822583513895e+36, 4.020549541834331e+36, 3.4659909843399407e+36, 2.8684063318675375e+36, 2.1991115210984452e+36, 1.61268178213886e+36, 1.092461852416647e+36, 7.048140983333207e+35, 4.184833708854091e+35, 2.3539689612304263e+35, 1.2126506769974924e+35, 5.879518433927236e+34, 2.593905191438486e+34, 1.0680786082393767e+34, 3.967149116317685e+33, 1.3601654113089204e+33, 4.1560609789994794e+32, 1.154461383055411e+32, 2.8081493101347834e+31, 6.071674184075207e+30, 1.1184662970664856e+30, 1.7659994164207667e+29, 2.2641018159240598e+28, 2.3221557086400614e+27, 1.741616781480046e+26, 8.708083907400231e+24, 2.1239229042439588e+23]

non_terminal_per_turn = [1.0, 81.0, 6480.0, 255960.0, 9982440.0, 256215960.0, 6490804320.0, 121702581000.0, 2251497748500.0, 32871867128100.0, 473354886644640.0, 5601366158628240.0, 6.53492718506628e+16, 6.441571082422476e+17, 6.257526194353263e+18, 5.240678187770857e+19, 4.323559504910957e+20, 3.1225707535468027e+21, 2.220494758077726e+22, 1.3989116975889675e+23, 8.673252525051599e+23, 4.80971276389225e+24, 2.6234796893957726e+25, 1.2898775139529217e+26, 6.234407984105788e+26, 2.733547933871381e+27, 1.1775282622427001e+28, 4.626002962181136e+28, 1.784314952452261e+29, 6.3045786580535506e+29, 2.185586539595607e+30, 6.966552915022283e+30, 2.1770467699871364e+31, 6.27501088552061e+31, 1.771765771431339e+32, 4.626266805797447e+32, 1.1822649521496437e+33, 2.800091495352228e+33, 6.484408144378415e+33, 1.3941403154756493e+34, 2.9276792429944724e+34, 5.715889933155811e+34, 1.0887294711738047e+35, 1.929991731889124e+35, 3.333571185972496e+35, 5.362570255701789e+35, 8.39338004444025e+35, 1.2239883971287695e+36, 1.7339180073436577e+36, 2.288634721055923e+36, 2.9292891322542136e+36, 3.492339591988118e+36, 4.029298765271735e+36, 4.3272558646863885e+36, 4.4869687153413105e+36, 4.3259701960339234e+36, 4.0162869552100786e+36, 3.4615136171863707e+36, 2.8640174789526917e+36, 2.195017948305638e+36, 1.6091450634785106e+36, 1.0895742572483394e+36, 7.02638196248946e+35, 4.169414549559361e+35, 2.343872945286973e+35, 1.206486046015908e+35, 5.844980574774765e+34, 2.575896918183418e+34, 1.0595334097315374e+34, 3.929922182439983e+33, 1.3455183340606993e+33, 4.103835362595908e+32, 1.1378814704565224e+32, 2.7613743414957766e+31, 5.956728486648527e+30, 1.0940351157887237e+30, 1.7223304892512806e+29, 2.1998721152685945e+28, 2.2477648312722548e+27, 1.677828673564914e+26, 8.349589509100379e+24, 2.0243961601408074e+23]
term_per_turn = [0.0, 0.0, 0.0, 0.0, 0.0, 0.0, 0.0, 0.0, 0.0, 0.0, 0.0, 0.0, 0.0, 0.0, 0.0, 0.0, 0.0, 0.0, 0.0, 0.0, 0.0, 0.0, 0.0, 0.0, 0.0, 1.8223654107386148e+20, 7.850189461643264e+20, 1.2336012011153702e+22, 5.947720076806249e+22, 2.5218333125658493e+23, 1.4570592472602686e+24, 6.966564525963159e+24, 2.467324936278619e+25, 1.2550061094565984e+26, 4.016019550261116e+26, 1.9738867332002344e+27, 5.911379539531953e+27, 2.1654316629022303e+28, 4.66884358535e+28, 1.821713598950454e+29, 3.649933317897159e+29, 1.2994580523941988e+30, 2.504192308761338e+30, 7.25720869875025e+30, 1.2757433602284046e+31, 3.328702585198292e+31, 5.29408748150717e+31, 1.2217394009582814e+32, 1.7492963222026247e+32, 3.6551390568482344e+32, 4.588718039668778e+32, 8.322038448895321e+32, 9.548602534691298e+32, 1.540839530053145e+33, 1.6194605554337898e+33, 2.2904761466788502e+33, 2.1351798433501525e+33, 2.6362327426889586e+33, 2.2061869233837188e+33, 2.4009899587352823e+33, 1.7745950330656017e+33, 1.6842120224756642e+33, 1.0882799554332028e+33, 8.948848403013589e+32, 5.055540672402546e+32, 3.55452166441505e+32, 1.7264617929383935e+32, 1.0365590999013714e+32, 4.262844135964451e+31, 2.132633574289286e+31, 7.30454164719934e+30, 2.97767915608716e+30, 8.259401554839429e+29, 2.6513235316614563e+29, 5.712797761968468e+28, 1.378852707465544e+28, 2.1653742977796017e+27, 3.605174603532199e+26, 3.6853075527259503e+25, 3.559864701345214e+24, 1.7694594284266405e+23, 5.524181879078253e+21]
illegal_per_turn = [0.0, 0.0, 0.0, 0.0, 0.0, 0.0, 0.0, 0.0, 0.0, 0.0, 0.0, 0.0, 0.0, 0.0, 0.0, 0.0, 0.0, 0.0, 0.0, 0.0, 0.0, 0.0, 0.0, 0.0, 0.0, 0.0, 7.850189461643264e+20, 3.0840030027884255e+21, 4.758176061444999e+22, 2.101527760471541e+23, 8.742355483561611e+23, 4.6443763506421065e+24, 2.177051414363487e+25, 7.111701286920725e+25, 3.543546661995102e+26, 1.0486273270126246e+27, 5.044377207067266e+27, 1.4000635751523044e+28, 5.014683850931482e+28, 1.00380137085025e+29, 3.825598557795953e+29, 7.126060287323025e+29, 2.475158195036569e+30, 4.4392500018950996e+30, 1.2535178661477704e+31, 2.0522827968891726e+31, 5.210143176832109e+31, 7.720544243864623e+31, 1.7307974846908985e+32, 2.309071145307465e+32, 4.678577992765739e+32, 5.4711638165281585e+32, 9.605039532503997e+32, 1.0258792974538922e+33, 1.5982070065547142e+33, 1.5619113332929125e+33, 2.1274067809026058e+33, 1.8411344108813766e+33, 2.182665991462405e+33, 1.6925828340721034e+33, 1.7621236272837275e+33, 1.2033831458320173e+33, 1.087622128941425e+33, 6.470310891716272e+32, 5.04047527105067e+32, 2.6101093171694028e+32, 1.727324122308703e+32, 7.642682256054356e+31, 4.282354371874957e+31, 1.5900598134809036e+31, 7.342535601021902e+30, 2.2448824842699723e+30, 8.320511044049162e+29, 2.0261733322392506e+29, 5.781771980699563e+28, 1.0642654203106437e+28, 2.2015184191690137e+27, 2.8177954620143415e+26, 3.7537801840547167e+25, 2.818946090167973e+24, 1.8154845545718867e+23, 4.428492531236881e+21]

nonterm_prop = [1.0, 1.0, 1.0, 1.0, 1.0, 1.0, 1.0, 1.0, 1.0, 1.0, 1.0, 1.0, 1.0, 1.0, 1.0, 1.0, 1.0, 1.0, 1.0, 1.0, 1.0, 1.0, 1.0, 1.0, 1.0, 0.9999999333333334, 0.9999998666666666, 0.9999996666666666, 0.9999994, 0.9999992666666667, 0.9999989333333333, 0.9999983333333333, 0.9999978666666667, 0.9999968666666667, 0.9999957333333334, 0.9999934666666667, 0.9999907333333333, 0.9999872666666667, 0.9999850666666666, 0.9999797333333333, 0.9999744666666667, 0.9999648, 0.9999542666666666, 0.9999394, 0.9999241333333333, 0.9998996666666666, 0.9998748666666667, 0.9998371333333333, 0.9997993333333334, 0.9997394666666667, 0.9996837333333334, 0.9996052, 0.9995248666666666, 0.9994072, 0.9992834, 0.9991102666666667, 0.9989398, 0.9987082, 0.9984699333333333, 0.9981385333333334, 0.9978069333333334, 0.9973568, 0.9969128, 0.9963154666666667, 0.9957110666666666, 0.9949164, 0.9941257333333333, 0.9930574666666667, 0.9919994666666667, 0.9906162, 0.9892314, 0.9874338666666667, 0.9856384, 0.9833431333333333, 0.9810685333333333, 0.9781565333333333, 0.9752724, 0.9716312666666667, 0.9679647333333333, 0.9633742, 0.958832, 0.9531401333333334]
term_prop = [0.0, 0.0, 0.0, 0.0, 0.0, 0.0, 0.0, 0.0, 0.0, 0.0, 0.0, 0.0, 0.0, 0.0, 0.0, 0.0, 0.0, 0.0, 0.0, 0.0, 0.0, 0.0, 0.0, 0.0, 0.0, 6.666666666666667e-08, 6.666666666666667e-08, 2.6666666666666667e-07, 3.3333333333333335e-07, 4e-07, 6.666666666666667e-07, 1e-06, 1.1333333333333334e-06, 2e-06, 2.266666666666667e-06, 4.266666666666667e-06, 5e-06, 7.733333333333333e-06, 7.2e-06, 1.3066666666666666e-05, 1.2466666666666667e-05, 2.2733333333333335e-05, 2.3e-05, 3.76e-05, 3.8266666666666664e-05, 6.206666666666667e-05, 6.306666666666666e-05, 9.98e-05, 0.00010086666666666666, 0.00015966666666666665, 0.0001566, 0.0002382, 0.00023686666666666666, 0.0003558666666666667, 0.0003606666666666667, 0.000529, 0.0005310666666666667, 0.0007606, 0.0007691333333333333, 0.0010918, 0.0011004, 0.0015416666666666667, 0.0015440666666666667, 0.0021384, 0.0021476666666666666, 0.0029312, 0.0029364, 0.003996133333333333, 0.003991133333333333, 0.005375733333333334, 0.005370333333333334, 0.007164666666666666, 0.007154333333333334, 0.009441533333333333, 0.009408933333333333, 0.012328066666666667, 0.012261466666666667, 0.0159232, 0.0158702, 0.02044, 0.020319733333333333, 0.026009333333333332]
illegal_prop = [0.0, 0.0, 0.0, 0.0, 0.0, 0.0, 0.0, 0.0, 0.0, 0.0, 0.0, 0.0, 0.0, 0.0, 0.0, 0.0, 0.0, 0.0, 0.0, 0.0, 0.0, 0.0, 0.0, 0.0, 0.0, 0.0, 6.666666666666667e-08, 6.666666666666667e-08, 2.6666666666666667e-07, 3.3333333333333335e-07, 4e-07, 6.666666666666667e-07, 1e-06, 1.1333333333333334e-06, 2e-06, 2.266666666666667e-06, 4.266666666666667e-06, 5e-06, 7.733333333333333e-06, 7.2e-06, 1.3066666666666666e-05, 1.2466666666666667e-05, 2.2733333333333335e-05, 2.3e-05, 3.76e-05, 3.8266666666666664e-05, 6.206666666666667e-05, 6.306666666666666e-05, 9.98e-05, 0.00010086666666666666, 0.00015966666666666665, 0.0001566, 0.00023826666666666667, 0.00023693333333333334, 0.00035593333333333333, 0.00036073333333333334, 0.0005291333333333334, 0.0005312, 0.0007609333333333334, 0.0007696666666666667, 0.0010926666666666667, 0.0011015333333333334, 0.0015431333333333333, 0.0015461333333333333, 0.0021412666666666665, 0.0021524, 0.0029378666666666667, 0.0029464, 0.0040094, 0.0040080666666666665, 0.005398266666666667, 0.005401466666666667, 0.007207266666666667, 0.007215333333333333, 0.009522533333333333, 0.0095154, 0.012466133333333334, 0.012445533333333333, 0.016165066666666665, 0.0161858, 0.020848266666666667, 0.020850533333333334]


Test for 10x10 k=10: 
15 runs and 1000000 samples 

non_term_estimates = [5.006440137435507e+46, 5.006468620599063e+46, 5.006561061017854e+46, 5.00657802419709e+46, 5.006439025495732e+46, 5.006337607136116e+46, 5.006537501224193e+46, 5.006560439307473e+46, 5.006508807671783e+46, 5.006426131507703e+46, 5.006502333089557e+46, 5.006631630310149e+46, 5.006512402236632e+46, 5.006483828120801e+46, 5.006605867149336e+46] 

Mean:5.0065062277666e+46 
Standard Error: 1.993328565592963e+41

term_estimates = [9.592460560532048e+42, 9.433115468380123e+42, 8.959730894885466e+42, 8.857046539505799e+42, 9.616194297466016e+42, 1.0110690206773181e+43, 9.074537587140985e+42, 8.96630454692983e+42, 9.234825857638596e+42, 9.632983872590872e+42, 9.273955566859808e+42, 8.579379664770584e+42, 9.187992479055952e+42, 9.340418618204519e+42, 8.72464378672355e+42] 

Mean:9.238951996497155e+42 
Standard Error: 1.0371748000896165e+41

illegal_estimates = [8.12925559498725e+42, 8.003769051551572e+42, 7.552749437179874e+42, 7.485802000179193e+42, 8.116641255787843e+42, 8.636328942645852e+42, 7.673540681517628e+42, 7.552392888919151e+42, 7.800187935137345e+42, 8.228791560981189e+42, 7.825804048171663e+42, 7.227407744339039e+42, 7.811075665225101e+42, 7.944390684397837e+42, 7.339775230494382e+42] 

Mean:7.821860848100994e+42 
Standard Error: 9.573756364779178e+40


states_per_turn = [1, 100.0, 9900.0, 485100.0, 23527350.0, 752875200.0, 23841048000.0, 560264628000.0, 13026152601000.0, 239681207858400.0, 4362197983022880.0, 6.54329697453432e+16, 9.705890512225908e+17, 1.2201690929655427e+19, 1.516495872685746e+20, 1.630233063137177e+21, 1.7321226295832505e+22, 1.6166477876110338e+23, 1.4909085152412867e+24, 1.2225449824978552e+25, 9.902614358232627e+25, 7.20190135144191e+26, 5.172274606944644e+27, 3.361978494514019e+28, 2.157269533979829e+29, 1.2611729583266691e+30, 7.275997836500014e+30, 3.845884570721436e+31, 2.005354097590463e+32, 9.625699668434223e+32, 4.556164509725532e+33, 1.9933219730049204e+34, 8.596201008583719e+34, 3.4384804034334874e+35, 1.3551658060590805e+36, 4.968941288883295e+36, 1.7943399098745232e+37, 6.044092327998394e+37, 2.004093771915257e+38, 6.2126906929372965e+38, 1.8948706613458753e+39, 5.41391617527393e+39, 1.5210526397198183e+40, 4.0100478683522483e+40, 1.0389669477094461e+41, 2.5296586552925646e+41, 6.049183740917002e+41, 1.3610663417063254e+42, 3.0056881712681355e+42, 6.251831396237722e+42, 1.2753736048324953e+43, 2.4526415477547983e+43, 4.622285993845582e+43, 8.217397322392146e+43, 1.4304358301941883e+44, 2.350001721033309e+44, 3.776788480232105e+44, 5.730299763110779e+44, 8.496651372888396e+44, 1.1895311922043755e+45, 1.62569262934598e+45, 2.0976679088335223e+45, 2.6390015627260442e+45, 3.133814355737178e+45, 3.6234728488211115e+45, 3.9528794714412124e+45, 4.192447924255831e+45, 4.192447924255831e+45, 4.069140632365954e+45, 3.7203571495917295e+45, 3.295173475352675e+45, 2.7459778961272288e+45, 2.2120377496580456e+45, 1.673974513254737e+45, 1.2215489691318353e+45, 8.35796663090203e+44, 5.498662257172389e+44, 3.3837921582599313e+44, 1.995569734358421e+44, 1.0975633538971316e+44, 5.76220760795994e+43, 2.810832979492654e+43, 1.302581136838059e+43, 5.582490586448825e+42, 2.2595795230864293e+42, 8.407737760321597e+41, 2.932931776856371e+41, 9.332055653633909e+40, 2.7571982613009274e+40, 7.352528696802473e+39, 1.7972847925517154e+39, 3.907140853373295e+38, 7.64440601746949e+37, 1.3011754923352322e+37, 1.937920946031197e+36, 2.4224011825389963e+35, 2.5233345651447878e+34, 2.0598649511386023e+33, 1.2611418068195525e+32, 5.0445672272782094e+30, 1.008913445455642e+29]

non_terminal_per_turn = [1.0, 100.0, 9900.0, 485100.0, 23527350.0, 752875200.0, 23841048000.0, 560264628000.0, 13026152601000.0, 239681207858400.0, 4362197983022880.0, 6.54329697453432e+16, 9.705890512225908e+17, 1.2201690929655427e+19, 1.516495872685746e+20, 1.630233063137177e+21, 1.7321226295832505e+22, 1.6166477876110338e+23, 1.4909085152412867e+24, 1.2225449824978552e+25, 9.902614358232627e+25, 7.20190135144191e+26, 5.172274606944644e+27, 3.361978494514019e+28, 2.157269533979829e+29, 1.2611729583266691e+30, 7.275997836500014e+30, 3.845884570721436e+31, 2.005354097590463e+32, 9.625699668434223e+32, 4.556164509725532e+33, 1.9933219730049204e+34, 8.596201008583719e+34, 3.4384804034334874e+35, 1.3551658060590805e+36, 4.9689406263577894e+36, 1.7943396706292019e+37, 6.044091119179928e+37, 2.0040933710965025e+38, 6.212688622040399e+38, 1.8948697770729e+39, 5.41391256599648e+39, 1.5210513214741971e+40, 4.010043590967855e+40, 1.0389655624201826e+41, 2.5296537646191645e+41, 6.049167206481443e+41, 1.3610610789164708e+42, 3.005674144723336e+42, 6.251793051671825e+42, 1.2753636569183776e+43, 2.452616857829884e+43, 4.622227753042059e+43, 8.217270774473381e+43, 1.4304076982895277e+44, 2.3499412476556877e+44, 3.776670392645623e+44, 5.730066730920413e+44, 8.496232204753999e+44, 1.1894570447600613e+45, 1.6255704856397618e+45, 2.0974714272727282e+45, 2.638709513219769e+45, 3.1333933800087236e+45, 3.622900340110998e+45, 3.952119464481503e+45, 4.1914858972054784e+45, 4.191271523368285e+45, 4.067807310618749e+45, 3.71889802551766e+45, 3.29365088552883e+45, 2.7444613840677944e+45, 2.2106174739535818e+45, 1.6726976054960264e+45, 1.220467328237968e+45, 8.349289389945828e+44, 5.492117749353902e+44, 3.3790659029594177e+44, 1.9923570001240863e+44, 1.0955046908996718e+44, 5.749816556719784e+43, 2.8038253854859133e+43, 1.298876856601119e+43, 5.564140195559089e+42, 2.2511407467608758e+42, 8.371631010767822e+41, 2.9186990410584274e+41, 9.28018435548875e+40, 2.739919267423789e+40, 7.299896845547862e+39, 1.7828080230046698e+39, 3.871264444153394e+38, 7.565719598196337e+37, 1.2859847021873824e+37, 1.912594515576975e+36, 2.38659437871259e+35, 2.481726123943985e+34, 2.0215712377509553e+33, 1.2350381892452787e+32, 4.927212769434182e+30, 9.828626276850136e+28]
term_per_turn = [0.0, 0.0, 0.0, 0.0, 0.0, 0.0, 0.0, 0.0, 0.0, 0.0, 0.0, 0.0, 0.0, 0.0, 0.0, 0.0, 0.0, 0.0, 0.0, 0.0, 0.0, 0.0, 0.0, 0.0, 0.0, 0.0, 0.0, 0.0, 0.0, 0.0, 0.0, 0.0, 0.0, 0.0, 0.0, 6.625255051844394e+29, 0.0, 1.2088184655996787e+31, 0.0, 2.0708968976457657e+32, 2.5264942151278336e+32, 2.887421960146096e+33, 5.070175465732728e+33, 2.940701770124982e+34, 6.233801686256677e+34, 3.372878207056753e+35, 8.468857237283803e+35, 3.357296976208936e+36, 6.612513976789899e+36, 2.4590536825201707e+37, 4.931444605352315e+37, 1.520637759607975e+38, 2.958263036061172e+38, 7.395657590152931e+38, 1.525798218873801e+39, 3.5406692596901853e+39, 6.11839733797601e+39, 1.402013342041104e+40, 2.1128339747249143e+40, 4.456776866792393e+40, 6.123442237203191e+40, 1.1746940289467724e+41, 1.4426541876235708e+41, 2.4966054367372848e+41, 2.8383870649098704e+41, 4.5036473444620215e+41, 4.843674835156903e+41, 6.917539075022121e+41, 6.6137099078054645e+41, 8.539459777362883e+41, 7.657983156719617e+41, 8.779806659884127e+41, 7.127185629398224e+41, 7.372183756373863e+41, 5.434264180677825e+41, 4.957388607675691e+41, 3.2812350575966704e+41, 2.7052290374568727e+41, 1.6161454088657399e+41, 1.168978142790705e+41, 6.2485379300717585e+40, 3.9555915576073623e+40, 1.8688565763927912e+40, 1.0327979750969421e+40, 4.251775469274298e+39, 2.025367974876404e+39, 7.153616132537811e+38, 2.9046956427500905e+38, 8.673042850748198e+37, 2.9423839507443924e+37, 7.258634182185528e+36, 2.0023836397481244e+36, 3.931976679145606e+35, 8.457900935277477e+34, 1.2652944246097156e+34, 1.9864174177056276e+33, 2.0750557685315992e+32, 2.1181041995237943e+31, 1.300245610443004e+30, 6.466933402681573e+28, 1.2947722550014073e+27]
illegal_per_turn = [0.0, 0.0, 0.0, 0.0, 0.0, 0.0, 0.0, 0.0, 0.0, 0.0, 0.0, 0.0, 0.0, 0.0, 0.0, 0.0, 0.0, 0.0, 0.0, 0.0, 0.0, 0.0, 0.0, 0.0, 0.0, 0.0, 0.0, 0.0, 0.0, 0.0, 0.0, 0.0, 0.0, 0.0, 0.0, 0.0, 2.392453213166031e+30, 0.0, 4.0081875438305136e+31, 0.0, 6.316235537819585e+32, 7.21855490036524e+32, 8.112280745172364e+33, 1.336682622784083e+34, 7.619090949869272e+34, 1.5177951931755386e+35, 8.06557832122267e+35, 1.9054928783888557e+36, 7.414030822461401e+36, 1.375402907172299e+37, 5.016469512341148e+37, 9.483547317985219e+37, 2.8658173161842604e+38, 5.259134286330973e+38, 1.2873922471747695e+39, 2.50666850243553e+39, 5.690361310216371e+39, 9.283085616239463e+39, 2.078847369233361e+40, 2.95796756461488e+40, 6.090928384616271e+40, 7.901215789939601e+40, 1.4778408751265848e+41, 1.7131518478029905e+41, 2.8867000362274854e+41, 3.0964222526289496e+41, 4.77659566836881e+41, 4.846469800439741e+41, 6.719507564246979e+41, 6.05178096333588e+41, 7.567915081726643e+41, 6.385313934461183e+41, 7.075571415239535e+41, 5.396893830733272e+41, 5.382144757994866e+41, 3.719852348526797e+41, 3.263272760889907e+41, 2.021026263056715e+41, 1.5965888254690275e+41, 8.896848546690148e+40, 6.142513310085297e+40, 3.052002449133124e+40, 1.835423660547281e+40, 8.022411138766058e+39, 4.1870008562791534e+39, 1.5853069805011715e+39, 7.07911966540566e+38, 2.2824341717657815e+38, 8.605951026389874e+37, 2.3208011747167113e+37, 7.218135364860029e+36, 1.5852572822419915e+36, 3.936665248169655e+35, 6.7328892125722475e+34, 1.2673486208125087e+34, 1.594262964934998e+33, 2.0857883515486818e+32, 1.7112671392409127e+31, 1.3101161469843785e+30, 5.26851238172118e+28, 1.310309522061424e+27]

nonterm_prop = [1.0, 1.0, 1.0, 1.0, 1.0, 1.0, 1.0, 1.0, 1.0, 1.0, 1.0, 1.0, 1.0, 1.0, 1.0, 1.0, 1.0, 1.0, 1.0, 1.0, 1.0, 1.0, 1.0, 1.0, 1.0, 1.0, 1.0, 1.0, 1.0, 1.0, 1.0, 1.0, 1.0, 1.0, 1.0, 0.9999998666666666, 0.9999998666666666, 0.9999998, 0.9999998, 0.9999996666666666, 0.9999995333333334, 0.9999993333333334, 0.9999991333333333, 0.9999989333333333, 0.9999986666666667, 0.9999980666666667, 0.9999972666666667, 0.9999961333333334, 0.9999953333333333, 0.9999938666666667, 0.9999922, 0.9999899333333333, 0.9999874, 0.9999846, 0.9999803333333334, 0.9999742666666667, 0.9999687333333334, 0.9999593333333333, 0.9999506666666667, 0.9999376666666666, 0.9999248666666667, 0.9999063333333333, 0.9998893333333333, 0.9998656666666667, 0.999842, 0.9998077333333333, 0.9997705333333333, 0.9997194, 0.9996723333333334, 0.9996078, 0.9995379333333333, 0.9994477333333334, 0.9993579333333333, 0.9992372, 0.9991145333333333, 0.9989618, 0.9988098, 0.9986032666666667, 0.9983900666666666, 0.9981243333333333, 0.9978496, 0.9975069333333333, 0.9971562, 0.9967128666666667, 0.9962653333333333, 0.9957055333333333, 0.9951472666666666, 0.9944416, 0.9937331333333334, 0.9928416666666666, 0.9919452, 0.9908177333333333, 0.9897066666666666, 0.9883253333333333, 0.9869311333333334, 0.9852184666666667, 0.9835105333333334, 0.9814096, 0.9793016, 0.9767364666666667, 0.9741793333333333]
term_prop = [0.0, 0.0, 0.0, 0.0, 0.0, 0.0, 0.0, 0.0, 0.0, 0.0, 0.0, 0.0, 0.0, 0.0, 0.0, 0.0, 0.0, 0.0, 0.0, 0.0, 0.0, 0.0, 0.0, 0.0, 0.0, 0.0, 0.0, 0.0, 0.0, 0.0, 0.0, 0.0, 0.0, 0.0, 0.0, 1.3333333333333334e-07, 0.0, 2e-07, 0.0, 3.3333333333333335e-07, 1.3333333333333334e-07, 5.333333333333333e-07, 3.3333333333333335e-07, 7.333333333333333e-07, 6e-07, 1.3333333333333334e-06, 1.4e-06, 2.4666666666666666e-06, 2.2e-06, 3.9333333333333335e-06, 3.866666666666666e-06, 6.2e-06, 6.4e-06, 9e-06, 1.0666666666666667e-05, 1.5066666666666666e-05, 1.62e-05, 2.4466666666666667e-05, 2.4866666666666667e-05, 3.7466666666666665e-05, 3.766666666666667e-05, 5.6e-05, 5.466666666666667e-05, 7.966666666666666e-05, 7.833333333333333e-05, 0.00011393333333333333, 0.00011553333333333333, 0.000165, 0.00016253333333333334, 0.00022953333333333332, 0.0002324, 0.0003197333333333333, 0.0003222, 0.0004404, 0.0004448666666666667, 0.0005931333333333333, 0.0005967333333333334, 0.0007994666666666666, 0.0008098666666666667, 0.0010650666666666667, 0.0010844, 0.0014072666666666666, 0.0014347333333333333, 0.0018500666666666666, 0.0018816666666666667, 0.0024089333333333334, 0.0024390666666666665, 0.0031126, 0.0031456, 0.004001866666666667, 0.004038666666666667, 0.005124933333333333, 0.0051436, 0.0065002, 0.0065291333333333335, 0.0082002, 0.008223466666666667, 0.010282733333333334, 0.010310066666666666, 0.0128196, 0.012833333333333334]
illegal_prop = [0.0, 0.0, 0.0, 0.0, 0.0, 0.0, 0.0, 0.0, 0.0, 0.0, 0.0, 0.0, 0.0, 0.0, 0.0, 0.0, 0.0, 0.0, 0.0, 0.0, 0.0, 0.0, 0.0, 0.0, 0.0, 0.0, 0.0, 0.0, 0.0, 0.0, 0.0, 0.0, 0.0, 0.0, 0.0, 0.0, 1.3333333333333334e-07, 0.0, 2e-07, 0.0, 3.3333333333333335e-07, 1.3333333333333334e-07, 5.333333333333333e-07, 3.3333333333333335e-07, 7.333333333333333e-07, 6e-07, 1.3333333333333334e-06, 1.4e-06, 2.4666666666666666e-06, 2.2e-06, 3.9333333333333335e-06, 3.866666666666666e-06, 6.2e-06, 6.4e-06, 9e-06, 1.0666666666666667e-05, 1.5066666666666666e-05, 1.62e-05, 2.4466666666666667e-05, 2.4866666666666667e-05, 3.7466666666666665e-05, 3.766666666666667e-05, 5.6e-05, 5.466666666666667e-05, 7.966666666666666e-05, 7.833333333333333e-05, 0.00011393333333333333, 0.0001156, 0.00016513333333333333, 0.00016266666666666667, 0.00022966666666666667, 0.00023253333333333334, 0.00031986666666666667, 0.0003224, 0.0004406, 0.0004450666666666667, 0.0005934666666666667, 0.0005972666666666667, 0.0008000666666666666, 0.0008106, 0.001066, 0.0010858, 0.0014090666666666666, 0.0014370666666666666, 0.001853, 0.0018855333333333334, 0.002413666666666667, 0.0024458, 0.0031212666666666665, 0.003156466666666667, 0.004016133333333333, 0.004057333333333333, 0.005149733333333333, 0.005174466666666666, 0.006539733333333333, 0.006581333333333333, 0.008266, 0.008307666666666666, 0.010388333333333333, 0.010443933333333334, 0.012987333333333333]


Test for 11x11 k=11: 
15 runs and 1000000 samples 

non_term_estimates = [4.766478774798955e+56, 4.766572778681093e+56, 4.766564732794113e+56, 4.7665142954906795e+56, 4.766514354547297e+56, 4.766536252934949e+56, 4.766529551088213e+56, 4.766567017689125e+56, 4.766552307003601e+56, 4.766585415593248e+56, 4.766560951801941e+56, 4.766478141094581e+56, 4.766491574891573e+56, 4.766481514338391e+56, 4.76644480904235e+56] 

Mean:4.766524831452674e+56 
Standard Error: 1.1011123266892315e+51

term_estimates = [3.4163623474449136e+52, 2.924264889410461e+52, 2.9901560729252097e+52, 3.2400519501171115e+52, 3.2288688827130477e+52, 3.1249501495740505e+52, 3.140989767368638e+52, 2.9522344073662887e+52, 3.0506420454813565e+52, 2.866561419793406e+52, 2.9989071208373145e+52, 3.4314125596807344e+52, 3.355201018014297e+52, 3.408537258719965e+52, 3.599721935667514e+52] 

Mean:3.181924121674286e+52 
Standard Error: 5.731068011356912e+50

illegal_estimates = [2.96423695478724e+52, 2.516295591440114e+52, 2.53086327771071e+52, 2.785340434876513e+52, 2.795932936093194e+52, 2.680867792744116e+52, 2.731846642284406e+52, 2.5459359931536596e+52, 2.594635210294233e+52, 2.4476299395222083e+52, 2.5599221515365135e+52, 2.955523786317341e+52, 2.897397358057945e+52, 2.9446666491751496e+52, 3.1205349326405094e+52] 

Mean:2.73810864337559e+52 
Standard Error: 5.288700784114848e+50


states_per_turn = [1, 121.0, 14520.0, 863940.0, 50972460.0, 1987925940.0, 76866469680.0, 2209911003300.0, 62982463594050.0, 1423403677225530.0, 3.188424236985187e+16, 5.898584838422596e+17, 1.0814072203774759e+19, 1.6839055288734984e+20, 2.598025673119112e+21, 3.474859337796812e+22, 4.604188622580776e+23, 5.371553393010905e+24, 6.207128365257046e+25, 6.393342216214757e+26, 6.521209060539052e+27, 5.987655591949493e+28, 5.44332326540863e+29, 4.4907416939621204e+30, 3.6674390500690648e+31, 2.7364737527438407e+32, 2.020780617410836e+33, 1.3712439903859245e+34, 9.20692393544835e+34, 5.708292839977977e+35, 3.501086275186493e+36, 1.9912428190123177e+37, 1.1200740856944288e+38, 5.863917272164951e+38, 3.03543952912068e+39, 1.4671291057416621e+40, 7.009616838543497e+40, 3.1358812172431434e+41, 1.3863895907811792e+42, 5.753516801741894e+42, 2.3589418887141764e+43, 9.098775856468966e+43, 3.4662003262738918e+44, 1.2446810262528974e+45, 4.412960002169364e+45, 1.4773822615958306e+46, 4.881784864403613e+46, 1.5255577701261292e+47, 4.703803124555565e+47, 1.3735105123702252e+48, 3.955710275626248e+48, 1.0802131906517832e+49, 2.9082662825240314e+49, 7.432236055339192e+49, 1.871822413937278e+50, 4.479003633349915e+50, 1.0557651421467658e+51, 2.3663701461910267e+51, 5.2223341157319206e+51, 1.0966901643037033e+52, 2.2664930062276537e+52, 4.4598733348350606e+52, 8.632012906132375e+52, 1.5915273795681565e+53, 2.884643375467284e+53, 4.982565830352581e+53, 8.455263227264986e+53, 1.3677631691163948e+54, 2.1723297391848623e+54, 3.289527890765649e+54, 4.887298580566107e+54, 6.923672989135318e+54, 9.616212484910164e+54, 1.2734984101637785e+55, 1.6521060456178749e+55, 2.043394319580003e+55, 2.4735825973863193e+55, 2.854133766214984e+55, 3.220048351627161e+55, 3.461551977999198e+55, 3.6346295768991586e+55, 3.6346295768991586e+55, 3.545980075023569e+55, 3.292695783950457e+55, 2.979105709288509e+55, 2.563416540550577e+55, 2.1461161734842044e+55, 1.707137865271526e+55, 1.3191519868007247e+55, 9.673781236538648e+54, 6.879133323760816e+54, 4.6359376747083764e+54, 3.0234376139402455e+54, 1.8655253362610025e+54, 1.1113767960703845e+54, 6.251494477895913e+53, 3.3862261755269526e+53, 1.7276664160851798e+53, 8.462039588988636e+52, 3.8925382109347724e+52, 1.7127168128113e+52, 7.052363346870058e+51, 2.765632685047082e+51, 1.010519634921049e+51, 3.4979525824190162e+50, 1.1219847905872317e+50, 3.3871238961123973e+49, 9.408677489201104e+48, 2.4392867564595454e+48, 5.76558687890438e+47, 1.257946228124592e+47, 2.4709658052447345e+46, 4.4124389379370257e+45, 6.967008849374251e+44, 9.778258034209474e+43, 1.1801345903356262e+43, 1.2208288865540961e+42, 1.0346007513170306e+41, 7.014242381810378e+39, 3.507121190905189e+38, 1.1690403969683961e+37, 1.9164596671613053e+35]

non_terminal_per_turn = [1.0, 121.0, 14520.0, 863940.0, 50972460.0, 1987925940.0, 76866469680.0, 2209911003300.0, 62982463594050.0, 1423403677225530.0, 3.188424236985187e+16, 5.898584838422596e+17, 1.0814072203774759e+19, 1.6839055288734984e+20, 2.598025673119112e+21, 3.474859337796812e+22, 4.604188622580776e+23, 5.371553393010905e+24, 6.207128365257046e+25, 6.393342216214757e+26, 6.521209060539052e+27, 5.987655591949493e+28, 5.44332326540863e+29, 4.4907416939621204e+30, 3.6674390500690648e+31, 2.7364737527438407e+32, 2.020780617410836e+33, 1.3712439903859245e+34, 9.20692393544835e+34, 5.708292839977977e+35, 3.501086275186493e+36, 1.9912428190123177e+37, 1.1200740856944288e+38, 5.863917272164951e+38, 3.03543952912068e+39, 1.4671291057416621e+40, 7.009616838543497e+40, 3.1358812172431434e+41, 1.3863895907811792e+42, 5.753516801741894e+42, 2.3589418887141764e+43, 9.098775856468966e+43, 3.4662003262738918e+44, 1.2446810262528974e+45, 4.412960002169364e+45, 1.4773822615958306e+46, 4.881784864403613e+46, 1.5255577701261292e+47, 4.703803124555565e+47, 1.3735105123702252e+48, 3.9557100119122296e+48, 1.0802130466233577e+49, 2.908265506986356e+49, 7.43223308244477e+49, 1.8718214156319902e+50, 4.479000647347493e+50, 1.0557643679189949e+51, 2.366367622062871e+51, 5.2223278489309816e+51, 1.0966887751628285e+52, 2.26648922873931e+52, 4.4598635231137244e+52, 8.631989311963765e+52, 1.591521543967765e+53, 2.8846306830364316e+53, 4.982535270615488e+53, 8.45520009463289e+53, 1.3677504033268164e+54, 2.172306712489627e+54, 3.289486442714225e+54, 4.8872236419878716e+54, 6.923539131457528e+54, 9.615999004992999e+54, 1.273463771007022e+55, 1.6520538390668333e+55, 2.0433161256907072e+55, 2.473473759752034e+55, 2.853986302637063e+55, 3.219853860706723e+55, 3.4612979000840133e+55, 3.634321602619676e+55, 3.6342644177809995e+55, 3.5455640133614327e+55, 3.2922398553409064e+55, 2.9786282579468337e+55, 2.5629380361296744e+55, 2.145653756986024e+55, 1.706708235575433e+55, 1.3187763802583496e+55, 9.6705456791744e+54, 6.876524756404447e+54, 4.6338944624438765e+54, 3.021928515445874e+54, 1.864449425615403e+54, 1.1106553643461619e+54, 6.246801272608207e+53, 3.3833492377682247e+53, 1.7259893127062055e+53, 8.452799041757461e+52, 3.8876945958876327e+52, 1.7103151271152552e+52, 7.041146327888083e+51, 2.760693265071588e+51, 1.008477711578752e+51, 3.490059102621529e+50, 1.1191108639456355e+50, 3.377438528235594e+49, 9.378357085124405e+48, 2.43053898629353e+48, 5.742345798195517e+47, 1.25230911948712e+47, 2.4585322347748504e+46, 4.387843414971773e+45, 6.923509168455041e+44, 9.71055207181287e+43, 1.1710031809294453e+43, 1.2103844512638484e+42, 1.0247352123927718e+41, 6.940512874438217e+39, 3.4661166313653634e+38, 1.1540113694970233e+37, 1.8891632765939713e+35]
term_per_turn = [0.0, 0.0, 0.0, 0.0, 0.0, 0.0, 0.0, 0.0, 0.0, 0.0, 0.0, 0.0, 0.0, 0.0, 0.0, 0.0, 0.0, 0.0, 0.0, 0.0, 0.0, 0.0, 0.0, 0.0, 0.0, 0.0, 0.0, 0.0, 0.0, 0.0, 0.0, 0.0, 0.0, 0.0, 0.0, 0.0, 0.0, 0.0, 0.0, 0.0, 0.0, 0.0, 0.0, 0.0, 0.0, 0.0, 0.0, 0.0, 0.0, 0.0, 2.637140183750832e+41, 7.201421271011888e+41, 5.816532565048063e+42, 1.4864472110678384e+43, 6.239408046457594e+43, 1.4930012111166383e+44, 4.223060568587063e+44, 1.5775800974606847e+45, 2.785244861723691e+45, 8.042394538227158e+45, 2.1153934724791434e+46, 5.649172890791077e+46, 1.2660285595660816e+47, 3.5013602350499445e+47, 6.346215426028025e+47, 1.9598092266053485e+48, 2.987526340300295e+48, 7.93302638087509e+48, 1.0427182748087338e+49, 2.565831754797206e+49, 3.6817649306931336e+49, 8.169934127179675e+49, 1.0000860984306571e+50, 2.1394773290751477e+50, 2.4451169475144547e+50, 4.795165336614407e+50, 5.079089599966575e+50, 8.885869792149318e+50, 9.424008175762159e+50, 1.5276982729569796e+51, 1.4756596082210582e+51, 2.1759315733702963e+51, 2.037756549780211e+51, 2.66708358499987e+51, 2.3614377922293582e+51, 2.7531093645513197e+51, 2.319236211478597e+51, 2.451449974529911e+51, 1.860883736046889e+51, 1.870264372397472e+51, 1.2781429715547596e+51, 1.1815459820273414e+51, 7.38323465324208e+50, 6.201006217731572e+50, 3.5178780184947904e+50, 2.713148603406826e+50, 1.4066383533138962e+50, 9.590852164494194e+49, 4.5407304434513026e+49, 2.7530625253204664e+49, 1.1894247359370207e+49, 6.315156298343908e+48, 2.4608599631548935e+48, 1.1419545554364468e+48, 3.93659583625436e+47, 1.6093749836183252e+47, 4.820103112427682e+46, 1.690802069326033e+46, 4.357216623505137e+45, 1.2921833313000496e+45, 2.811845272185963e+44, 6.895641907169638e+43, 1.2248930491713184e+43, 2.4092381068392784e+42, 3.377279948242163e+41, 5.037915890503432e+40, 5.2105790764053184e+39, 5.42675683419151e+38, 3.674106921208155e+37, 2.2512678540579196e+36, 7.4757795305335e+34, 1.4941486149056402e+33]
illegal_per_turn = [0.0, 0.0, 0.0, 0.0, 0.0, 0.0, 0.0, 0.0, 0.0, 0.0, 0.0, 0.0, 0.0, 0.0, 0.0, 0.0, 0.0, 0.0, 0.0, 0.0, 0.0, 0.0, 0.0, 0.0, 0.0, 0.0, 0.0, 0.0, 0.0, 0.0, 0.0, 0.0, 0.0, 0.0, 0.0, 0.0, 0.0, 0.0, 0.0, 0.0, 0.0, 0.0, 0.0, 0.0, 0.0, 0.0, 0.0, 0.0, 0.0, 0.0, 0.0, 7.201421271011888e+41, 1.9388441883493543e+42, 1.4864472110678384e+43, 3.7436448278745556e+43, 1.4930012111166383e+44, 3.5192171404892193e+44, 9.465480584764106e+44, 3.481556077154614e+45, 5.849014209619751e+45, 1.6620948712336127e+46, 4.1625484458460565e+46, 1.0933883014434342e+47, 2.334240156699963e+47, 6.346215426028025e+47, 1.096164482677568e+48, 3.3257368693908943e+48, 4.832763197544595e+48, 1.2599512487272202e+49, 1.5789733875675113e+49, 3.8120928928415633e+49, 5.215833651815272e+49, 1.1347130732193995e+50, 1.3244383465703297e+50, 2.7755381566380295e+50, 3.0242235929784043e+50, 5.80467382853323e+50, 5.860487999961434e+50, 1.0025083868065896e+51, 1.013080878894432e+51, 1.6040831866048288e+51, 1.4756596082210582e+51, 2.1228600715807765e+51, 1.892202510510196e+51, 2.4130756245236923e+51, 2.0319348444764242e+51, 2.3049287703220354e+51, 1.8448469864034294e+51, 1.895181687703708e+51, 1.3652929918501547e+51, 1.3304243848153419e+51, 8.616662824724636e+50, 7.707750290471666e+50, 4.558100238264383e+50, 3.6964392237300988e+50, 1.980056684298899e+50, 1.4702994054138028e+50, 7.180181625250008e+49, 4.699816787724288e+49, 2.0905525218193682e+49, 1.212260960107838e+49, 4.901862683631149e+48, 2.4785600123391947e+48, 8.999687868606863e+47, 3.956883961232391e+47, 1.2645516579778492e+47, 4.865264764375848e+46, 1.3412383383439146e+46, 4.390553542510084e+45, 1.0319247395863059e+45, 2.8252633652859586e+44, 5.537928562714499e+43, 1.2346592473539524e+43, 1.9407299850816913e+42, 3.3933162914182666e+41, 4.093493515677509e+40, 5.233856213842284e+39, 4.438782090067167e+38, 3.6988438160080056e+37, 1.8491880999246094e+36, 7.553247940839272e+34, 1.2354904418277694e+33]

nonterm_prop = [1.0, 1.0, 1.0, 1.0, 1.0, 1.0, 1.0, 1.0, 1.0, 1.0, 1.0, 1.0, 1.0, 1.0, 1.0, 1.0, 1.0, 1.0, 1.0, 1.0, 1.0, 1.0, 1.0, 1.0, 1.0, 1.0, 1.0, 1.0, 1.0, 1.0, 1.0, 1.0, 1.0, 1.0, 1.0, 1.0, 1.0, 1.0, 1.0, 1.0, 1.0, 1.0, 1.0, 1.0, 1.0, 1.0, 1.0, 1.0, 1.0, 1.0, 0.9999999333333334, 0.9999998666666666, 0.9999997333333334, 0.9999996, 0.9999994666666666, 0.9999993333333334, 0.9999992666666667, 0.9999989333333333, 0.9999988, 0.9999987333333333, 0.9999983333333333, 0.9999978, 0.9999972666666667, 0.9999963333333334, 0.9999956, 0.9999938666666667, 0.9999925333333334, 0.9999906666666667, 0.9999894, 0.9999874, 0.9999846666666666, 0.9999806666666666, 0.9999778, 0.9999728, 0.9999684, 0.9999617333333334, 0.999956, 0.9999483333333333, 0.9999396, 0.9999266, 0.9999152666666666, 0.9998995333333334, 0.9998826666666667, 0.9998615333333334, 0.9998397333333333, 0.9998133333333333, 0.9997845333333333, 0.9997483333333333, 0.9997152666666667, 0.9996655333333333, 0.9996208, 0.9995592666666666, 0.9995008666666667, 0.9994232666666667, 0.9993508666666666, 0.9992492666666667, 0.9991504, 0.9990292666666667, 0.998908, 0.9987556666666667, 0.9985977333333333, 0.9984094666666666, 0.998214, 0.9979793333333333, 0.9977434, 0.9974385333333333, 0.9971405333333333, 0.9967774, 0.9964138, 0.995969, 0.9955188, 0.9949681333333333, 0.9944258666666667, 0.9937563333333334, 0.9930758666666667, 0.9922624, 0.9914448, 0.9904644, 0.9894886, 0.9883082, 0.9871441333333333, 0.9857568666666666]
term_prop = [0.0, 0.0, 0.0, 0.0, 0.0, 0.0, 0.0, 0.0, 0.0, 0.0, 0.0, 0.0, 0.0, 0.0, 0.0, 0.0, 0.0, 0.0, 0.0, 0.0, 0.0, 0.0, 0.0, 0.0, 0.0, 0.0, 0.0, 0.0, 0.0, 0.0, 0.0, 0.0, 0.0, 0.0, 0.0, 0.0, 0.0, 0.0, 0.0, 0.0, 0.0, 0.0, 0.0, 0.0, 0.0, 0.0, 0.0, 0.0, 0.0, 0.0, 6.666666666666667e-08, 6.666666666666667e-08, 2e-07, 2e-07, 3.3333333333333335e-07, 3.3333333333333335e-07, 4e-07, 6.666666666666667e-07, 5.333333333333333e-07, 7.333333333333333e-07, 9.333333333333333e-07, 1.2666666666666667e-06, 1.4666666666666667e-06, 2.2e-06, 2.2e-06, 3.9333333333333335e-06, 3.5333333333333335e-06, 5.8e-06, 4.8e-06, 7.8e-06, 7.533333333333333e-06, 1.18e-05, 1.04e-05, 1.68e-05, 1.48e-05, 2.3466666666666667e-05, 2.0533333333333332e-05, 3.1133333333333336e-05, 2.9266666666666665e-05, 4.413333333333333e-05, 4.06e-05, 5.986666666666667e-05, 5.746666666666667e-05, 8.1e-05, 7.926666666666666e-05, 0.0001074, 0.00010806666666666667, 0.0001436, 0.00014106666666666666, 0.00019333333333333333, 0.0001858, 0.00025486666666666666, 0.0002442, 0.0003324, 0.00031653333333333335, 0.000434, 0.0004154, 0.0005551333333333333, 0.0005366, 0.0007072666666666667, 0.0006944666666666667, 0.0008954666666666667, 0.0008898, 0.0011300666666666666, 0.0011254, 0.0014344, 0.0014230666666666667, 0.0017970666666666667, 0.0017862666666666666, 0.0022412, 0.002235266666666667, 0.0027906666666666666, 0.002776, 0.003458066666666667, 0.0034538666666666666, 0.004268933333333333, 0.004268066666666666, 0.0052452666666666665, 0.005238066666666667, 0.006419133333333334, 0.0063948, 0.0077964]
illegal_prop = [0.0, 0.0, 0.0, 0.0, 0.0, 0.0, 0.0, 0.0, 0.0, 0.0, 0.0, 0.0, 0.0, 0.0, 0.0, 0.0, 0.0, 0.0, 0.0, 0.0, 0.0, 0.0, 0.0, 0.0, 0.0, 0.0, 0.0, 0.0, 0.0, 0.0, 0.0, 0.0, 0.0, 0.0, 0.0, 0.0, 0.0, 0.0, 0.0, 0.0, 0.0, 0.0, 0.0, 0.0, 0.0, 0.0, 0.0, 0.0, 0.0, 0.0, 0.0, 6.666666666666667e-08, 6.666666666666667e-08, 2e-07, 2e-07, 3.3333333333333335e-07, 3.3333333333333335e-07, 4e-07, 6.666666666666667e-07, 5.333333333333333e-07, 7.333333333333333e-07, 9.333333333333333e-07, 1.2666666666666667e-06, 1.4666666666666667e-06, 2.2e-06, 2.2e-06, 3.9333333333333335e-06, 3.5333333333333335e-06, 5.8e-06, 4.8e-06, 7.8e-06, 7.533333333333333e-06, 1.18e-05, 1.04e-05, 1.68e-05, 1.48e-05, 2.3466666666666667e-05, 2.0533333333333332e-05, 3.1133333333333336e-05, 2.9266666666666665e-05, 4.413333333333333e-05, 4.06e-05, 5.986666666666667e-05, 5.746666666666667e-05, 8.1e-05, 7.926666666666666e-05, 0.0001074, 0.00010806666666666667, 0.00014366666666666667, 0.00014113333333333334, 0.0001934, 0.00018586666666666667, 0.0002549333333333333, 0.00024433333333333333, 0.0003326, 0.00031673333333333335, 0.0004342, 0.0004156, 0.0005554, 0.0005370666666666666, 0.0007078, 0.0006950666666666667, 0.0008962, 0.0008906, 0.0011312, 0.0011270666666666667, 0.0014364, 0.0014255333333333333, 0.0017999333333333332, 0.0017898, 0.0022459333333333335, 0.0022412, 0.0027981333333333335, 0.0027856, 0.003470266666666667, 0.0034686666666666668, 0.004287133333333333, 0.0042903333333333335, 0.005273333333333333, 0.005272666666666667, 0.006461066666666667, 0.006446733333333334]
